0 43
1 54
2 45
3 64
4 46
5 56
6 52
7 58
8 47
9 49
10 53
11 49
12 50
13 48
14 49
15 50
16 47
17 53
18 54
19 50
20 45
21 55
22 50
23 55
24 40
25 49
26 53
27 48
28 52
29 44
30 59
31 48
32 62
33 51
34 57
35 48
36 49
37 51
38 44
39 54
40 54
41 53
42 54
43 52
44 63
45 48
46 50
47 55
48 47
49 53
50 57
51 54
52 53
53 55
54 52
55 55
56 43
57 56
58 57
59 49
60 51
61 53
62 55
63 51
64 50
65 54
66 51
67 47
68 48
69 50
70 44
71 53
72 44
73 41
74 48
75 47
76 51
77 53
78 56
79 45
80 47
81 51
82 48
83 55
84 50
85 49
86 59
87 52
88 44
89 48
90 53
91 52
92 56
93 54
94 54
95 46
96 51
97 40
98 50
99 50
100 46
101 52
102 55
103 58
104 56
105 57
106 54
107 47
108 53
109 57
110 58
111 50
112 49
113 43
114 46
115 53
116 48
117 51
118 42
119 48
120 51
121 50
122 50
123 54
124 48
125 49
126 52
127 49
128 55
129 44
130 48
131 57
132 60
133 52
134 48
135 49
136 56
137 47
138 53
139 59
140 59
141 55
142 52
143 46
144 56
145 48
146 50
147 49
148 50
149 55
150 51
151 40
152 48
153 56
154 52
155 50
156 46
157 44
158 53
159 62
160 56
161 57
162 52
163 48
164 53
165 50
166 63
167 48
168 54
169 48
170 53
171 46
172 50
173 45
174 60
175 52
176 52
177 53
178 59
179 51
180 56
181 57
182 49
183 58
184 47
185 54
186 48
187 48
188 51
189 50
190 50
191 46
192 47
193 53
194 42
195 60
196 49
197 43
198 39
199 50
200 56
201 58
202 52
203 53
204 56
205 52
206 60
207 51
208 48
209 52
210 55
211 49
212 57
213 57
214 48
215 53
216 53
217 48
218 51
219 55
220 52
221 51
222 54
223 53
224 56
225 52
226 51
227 55
228 48
229 48
230 54
231 54
232 45
233 47
234 52
235 52
236 56
237 51
238 55
239 40
240 51
241 51
242 50
243 53
244 51
245 51
246 52
247 48
248 57
249 48
250 57
251 51
252 52
253 58
254 52
255 44
256 58
257 47
258 54
259 47
260 56
261 48
262 55
263 56
264 43
265 47
266 54
267 50
268 40
269 55
270 53
271 59
272 52
273 57
274 50
275 52
276 52
277 44
278 48
279 49
280 55
281 49
282 52
283 43
284 47
285 46
286 46
287 45
288 55
289 47
290 60
291 59
292 54
293 49
294 51
295 47
296 53
297 48
298 59
299 58
300 48
301 51
302 56
303 49
304 51
305 54
306 54
307 52
308 52
309 46
310 47
311 49
312 51
313 52
314 44
315 52
316 54
317 46
318 55
319 53
320 54
321 59
322 57
323 52
324 53
325 50
326 51
327 46
328 49
329 50
330 61
331 52
332 51
333 56
334 58
335 44
336 50
337 47
338 56
339 55
340 43
341 51
342 48
343 51
344 54
345 53
346 45
347 53
348 53
349 44
350 50
351 48
352 50
353 46
354 51
355 49
356 51
357 49
358 51
359 61
360 51
361 54
362 51
363 47
364 46
365 53
366 50
367 53
368 48
369 59
370 61
371 50
372 45
373 48
374 47
375 59
376 61
377 50
378 53
379 55
380 47
381 51
382 45
383 53
384 53
385 55
386 54
387 54
388 53
389 55
390 50
391 48
392 41
393 56
394 52
395 53
396 46
397 53
398 55
399 42
400 48
401 50
402 50
403 52
404 46
405 55
406 44
407 51
408 51
409 54
410 53
411 53
412 50
413 49
414 53
415 56
416 54
417 53
418 44
419 40
420 51
421 50
422 51
423 49
424 46
425 42
426 57
427 53
428 44
429 50
430 51
431 43
432 50
433 48
434 41
435 43
436 48
437 53
438 53
439 52
440 44
441 49
442 46
443 45
444 58
445 47
446 52
447 53
448 55
449 50
450 49
451 52
452 48
453 49
454 46
455 51
456 58
457 45
458 49
459 54
460 50
461 57
462 58
463 58
464 58
465 52
466 54
467 60
468 54
469 47
470 56
471 45
472 51
473 55
474 50
475 42
476 57
477 56
478 47
479 52
480 58
481 56
482 56
483 56
484 55
485 52
486 51
487 57
488 48
489 50
490 57
491 61
492 47
493 47
494 48
495 54
496 44
497 47
498 51
499 48
500 51
501 58
502 54
503 60
504 52
505 47
506 49
507 52
508 54
509 53
510 53
511 46
512 52
513 54
514 48
515 47
516 50
517 52
518 54
519 47
520 47
521 56
522 50
523 56
524 47
525 57
526 49
527 45
528 48
529 50
530 45
531 50
532 54
533 53
534 49
535 51
536 53
537 53
538 57
539 51
540 59
541 43
542 48
543 49
544 50
545 48
546 49
547 43
548 46
549 50
550 57
551 56
552 56
553 47
554 49
555 53
556 54
557 59
558 48
559 47
560 48
561 51
562 48
563 46
564 50
565 51
566 53
567 47
568 43
569 55
570 47
571 47
572 45
573 44
574 49
575 47
576 53
577 51
578 48
579 49
580 53
581 55
582 61
583 46
584 45
585 49
586 50
587 50
588 48
589 64
590 47
591 42
592 48
593 44
594 51
595 48
596 51
597 64
598 55
599 49
600 59
601 47
602 53
603 56
604 52
605 54
606 50
607 53
608 48
609 51
610 49
611 46
612 50
613 50
614 58
615 58
616 58
617 49
618 41
619 55
620 52
621 52
622 44
623 38
624 52
625 54
626 46
627 54
628 56
629 51
630 43
631 51
632 51
633 57
634 58
635 43
636 53
637 43
638 50
639 49
640 57
641 50
642 57
643 41
644 53
645 53
646 59
647 54
648 59
649 59
650 49
651 47
652 46
653 47
654 49
655 50
656 55
657 54
658 48
659 57
660 50
661 49
662 47
663 56
664 56
665 50
666 45
667 59
668 48
669 47
670 51
671 51
672 57
673 51
674 54
675 47
676 47
677 42
678 59
679 50
680 52
681 56
682 46
683 52
684 47
685 49
686 50
687 53
688 50
689 58
690 50
691 58
692 51
693 50
694 49
695 45
696 47
697 52
698 55
699 51
700 55
701 49
702 49
703 50
704 49
705 59
706 52
707 56
708 43
709 52
710 55
711 57
712 55
713 47
714 55
715 48
716 53
717 44
718 47
719 47
720 42
721 59
722 52
723 48
724 54
725 51
726 52
727 53
728 52
729 47
730 50
731 53
732 48
733 54
734 53
735 46
736 49
737 55
738 48
739 48
740 52
741 49
742 47
743 54
744 49
745 54
746 60
747 56
748 52
749 44
750 57
751 57
752 46
753 50
754 47
755 59
756 46
757 55
758 55
759 56
760 54
761 56
762 51
763 52
764 53
765 49
766 51
767 53
768 48
769 50
770 47
771 54
772 58
773 56
774 52
775 50
776 49
777 61
778 48
779 53
780 47
781 49
782 47
783 53
784 50
785 45
786 65
787 68
788 46
789 54
790 49
791 50
792 50
793 49
794 54
795 53
796 49
797 43
798 51
799 58
800 53
801 56
802 48
803 53
804 52
805 54
806 50
807 53
808 50
809 49
810 52
811 51
812 51
813 49
814 53
815 47
816 62
817 52
818 53
819 47
820 46
821 59
822 44
823 53
824 53
825 50
826 55
827 53
828 50
829 51
830 45
831 49
832 56
833 49
834 48
835 50
836 57
837 48
838 51
839 52
840 48
841 51
842 47
843 65
844 46
845 55
846 52
847 55
848 53
849 53
850 53
851 51
852 53
853 51
854 55
855 59
856 52
857 49
858 50
859 53
860 49
861 56
862 47
863 46
864 47
865 47
866 53
867 56
868 43
869 51
870 51
871 50
872 52
873 46
874 41
875 58
876 55
877 45
878 44
879 49
880 50
881 46
882 43
883 51
884 53
885 48
886 59
887 53
888 53
889 57
890 54
891 51
892 54
893 56
894 54
895 52
896 60
897 54
898 52
899 58
900 53
901 53
902 51
903 43
904 54
905 48
906 54
907 52
908 54
909 61
910 58
911 56
912 55
913 57
914 54
915 49
916 55
917 47
918 50
919 51
920 56
921 50
922 56
923 44
924 49
925 48
926 47
927 49
928 50
929 53
930 54
931 49
932 52
933 51
934 52
935 44
936 53
937 56
938 53
939 57
940 48
941 50
942 47
943 56
944 49
945 50
946 51
947 49
948 53
949 56
950 53
951 52
952 46
953 44
954 59
955 52
956 54
957 54
958 52
959 48
960 55
961 61
962 53
963 42
964 56
965 56
966 52
967 40
968 60
969 55
970 41
971 61
972 38
973 49
974 45
975 60
976 50
977 57
978 59
979 51
980 43
981 50
982 59
983 53
984 49
985 61
986 47
987 56
988 46
989 48
990 51
991 47
992 47
993 47
994 46
995 45
996 50
997 55
998 48
999 56
