0 75
1 75
2 9
3 32
4 43
5 9
6 7
7 28
8 70
9 53
10 52
11 70
12 16
13 34
14 102
15 19
16 39
17 81
18 65
19 69
20 54
21 20
22 14
23 38
24 94
25 79
26 77
27 59
28 47
29 59
30 14
31 71
32 23
33 29
34 56
35 39
36 110
37 51
38 52
39 78
40 22
41 47
42 63
43 44
44 44
45 68
46 20
47 73
48 34
49 9
50 54
51 57
52 68
53 25
54 79
55 21
56 69
57 53
58 6
59 16
60 65
61 26
62 39
63 18
64 30
65 50
66 54
67 72
68 32
69 18
70 50
71 35
72 51
73 82
74 86
75 80
76 47
77 50
78 33
79 19
80 55
81 18
82 21
83 23
84 12
85 49
86 88
87 14
88 82
89 41
90 75
91 70
92 44
93 28
94 84
95 38
96 34
97 13
98 74
99 68
100 61
101 43
102 75
103 64
104 39
105 90
106 81
107 22
108 65
109 52
110 27
111 79
112 72
113 30
114 88
115 94
116 49
117 95
118 39
119 88
120 95
121 24
122 89
123 90
124 13
125 21
126 8
127 33
128 65
129 43
130 16
131 93
132 64
133 103
134 58
135 40
136 75
137 99
138 26
139 69
140 29
141 17
142 7
143 25
144 73
145 37
146 62
147 7
148 27
149 17
150 66
151 50
152 80
153 40
154 54
155 12
156 7
157 31
158 13
159 19
160 42
161 48
162 53
163 74
164 94
165 84
166 63
167 60
168 45
169 94
170 70
171 53
172 79
173 58
174 51
175 41
176 46
177 74
178 89
179 81
180 75
181 49
182 61
183 53
184 19
185 43
186 82
187 6
188 59
189 15
190 86
191 62
192 99
193 19
194 79
195 20
196 56
197 15
198 10
199 45
200 84
201 8
202 72
203 69
204 69
205 68
206 67
207 96
208 66
209 47
210 5
211 75
212 36
213 91
214 53
215 36
216 84
217 71
218 50
219 22
220 67
221 45
222 94
223 6
224 80
225 25
226 27
227 52
228 57
229 76
230 66
231 57
232 32
233 88
234 92
235 5
236 63
237 36
238 24
239 91
240 36
241 79
242 88
243 44
244 62
245 58
246 53
247 61
248 44
249 70
250 89
251 90
252 47
253 88
254 49
255 55
256 47
257 53
258 67
259 16
260 88
261 50
262 56
263 97
264 31
265 70
266 44
267 54
268 29
269 57
270 25
271 77
272 54
273 89
274 63
275 16
276 49
277 58
278 17
279 74
280 58
281 91
282 79
283 52
284 30
285 75
286 6
287 7
288 56
289 21
290 84
291 21
292 46
293 62
294 23
295 9
296 11
297 18
298 14
299 26
300 37
301 78
302 65
303 57
304 100
305 52
306 104
307 81
308 9
309 55
310 81
311 44
312 46
313 34
314 50
315 33
316 61
317 97
318 67
319 22
320 83
321 17
322 91
323 87
324 44
325 21
326 59
327 53
328 34
329 40
330 91
331 108
332 72
333 88
334 87
335 79
336 17
337 84
338 82
339 30
340 86
341 62
342 22
343 40
344 66
345 57
346 55
347 7
348 21
349 84
350 68
351 11
352 61
353 7
354 6
355 13
356 37
357 11
358 113
359 10
360 31
361 58
362 91
363 81
364 17
365 93
366 77
367 41
368 26
369 77
370 79
371 81
372 52
373 34
374 62
375 16
376 29
377 50
378 18
379 94
380 68
381 84
382 89
383 29
384 81
385 52
386 64
387 98
388 36
389 92
390 26
391 56
392 94
393 78
394 80
395 91
396 77
397 87
398 25
399 93
400 64
401 39
402 48
403 38
404 43
405 88
406 61
407 82
408 87
409 31
410 68
411 28
412 95
413 15
414 54
415 102
416 47
417 56
418 82
419 76
420 57
421 84
422 49
423 91
424 48
425 71
426 86
427 15
428 89
429 72
430 29
431 40
432 30
433 26
434 22
435 17
436 58
437 70
438 17
439 14
440 97
441 63
442 63
443 35
444 53
445 70
446 35
447 9
448 48
449 34
450 58
451 8
452 46
453 41
454 39
455 45
456 50
457 63
458 29
459 78
460 86
461 92
462 84
463 12
464 37
465 41
466 46
467 22
468 60
469 50
470 62
471 81
472 48
473 95
474 38
475 51
476 70
477 34
478 41
479 62
480 51
481 68
482 37
483 86
484 99
485 35
486 13
487 88
488 25
489 92
490 8
491 42
492 39
493 29
494 38
495 27
496 99
497 39
498 97
499 80
500 85
501 60
502 68
503 8
504 80
505 47
506 81
507 31
508 88
509 11
510 50
511 14
512 44
513 18
514 20
515 91
516 36
517 99
518 22
519 6
520 98
521 95
522 53
523 60
524 25
525 66
526 8
527 81
528 29
529 16
530 87
531 48
532 84
533 73
534 10
535 96
536 86
537 95
538 72
539 49
540 83
541 30
542 54
543 67
544 18
545 14
546 38
547 74
548 51
549 58
550 37
551 74
552 20
553 25
554 27
555 40
556 75
557 55
558 13
559 35
560 33
561 10
562 7
563 78
564 11
565 21
566 95
567 24
568 17
569 64
570 24
571 5
572 91
573 54
574 50
575 37
576 81
577 34
578 98
579 89
580 28
581 44
582 39
583 69
584 16
585 32
586 79
587 81
588 84
589 46
590 22
591 24
592 67
593 38
594 66
595 75
596 55
597 60
598 46
599 65
600 86
601 60
602 30
603 22
604 67
605 8
606 77
607 20
608 11
609 69
610 68
611 21
612 75
613 40
614 89
615 10
616 17
617 88
618 36
619 48
620 20
621 96
622 72
623 79
624 81
625 91
626 84
627 43
628 82
629 88
630 76
631 27
632 14
633 55
634 9
635 70
636 89
637 93
638 61
639 92
640 34
641 85
642 26
643 9
644 58
645 71
646 21
647 22
648 46
649 45
650 84
651 32
652 50
653 26
654 14
655 6
656 75
657 95
658 22
659 95
660 60
661 49
662 96
663 71
664 51
665 8
666 72
667 33
668 57
669 14
670 81
671 90
672 84
673 21
674 44
675 20
676 49
677 49
678 19
679 97
680 23
681 46
682 89
683 8
684 9
685 18
686 44
687 81
688 85
689 25
690 67
691 67
692 29
693 75
694 22
695 63
696 38
697 84
698 65
699 73
700 67
701 85
702 72
703 98
704 30
705 23
706 44
707 47
708 7
709 44
710 39
711 42
712 40
713 87
714 71
715 19
716 40
717 43
718 71
719 96
720 93
721 86
722 15
723 67
724 62
725 39
726 9
727 61
728 7
729 100
730 25
731 65
732 22
733 38
734 26
735 50
736 45
737 9
738 58
739 7
740 65
741 69
742 58
743 49
744 89
745 49
746 57
747 55
748 88
749 79
750 33
751 77
752 48
753 79
754 82
755 51
756 80
757 14
758 33
759 71
760 39
761 11
762 67
763 25
764 9
765 71
766 13
767 73
768 47
769 42
770 72
771 33
772 25
773 80
774 29
775 16
776 57
777 94
778 85
779 75
780 40
781 74
782 86
783 32
784 77
785 15
786 41
787 101
788 28
789 7
790 65
791 67
792 65
793 22
794 45
795 62
796 15
797 9
798 20
799 75
800 10
801 34
802 14
803 15
804 27
805 56
806 44
807 33
808 77
809 17
810 90
811 43
812 39
813 51
814 87
815 30
816 56
817 82
818 61
819 16
820 63
821 63
822 62
823 6
824 7
825 21
826 20
827 62
828 30
829 9
830 30
831 71
832 59
833 46
834 52
835 25
836 11
837 93
838 10
839 23
840 29
841 8
842 63
843 72
844 68
845 44
846 62
847 69
848 28
849 114
850 47
851 28
852 63
853 18
854 87
855 43
856 14
857 60
858 41
859 39
860 90
861 90
862 81
863 91
864 26
865 19
866 37
867 14
868 105
869 40
870 34
871 23
872 52
873 18
874 88
875 85
876 28
877 85
878 31
879 11
880 5
881 63
882 21
883 88
884 6
885 34
886 17
887 82
888 104
889 102
890 38
891 16
892 78
893 91
894 36
895 62
896 69
897 22
898 22
899 24
900 72
901 9
902 96
903 102
904 18
905 6
906 97
907 9
908 89
909 39
910 98
911 60
912 90
913 53
914 110
915 62
916 52
917 29
918 24
919 38
920 85
921 76
922 57
923 35
924 70
925 96
926 6
927 49
928 25
929 54
930 88
931 62
932 77
933 76
934 11
935 78
936 42
937 42
938 77
939 82
940 49
941 79
942 52
943 12
944 35
945 87
946 18
947 10
948 63
949 16
950 45
951 88
952 19
953 36
954 103
955 7
956 11
957 58
958 85
959 91
960 75
961 74
962 66
963 42
964 51
965 16
966 80
967 74
968 37
969 55
970 58
971 58
972 56
973 87
974 53
975 20
976 45
977 82
978 92
979 11
980 56
981 11
982 41
983 33
984 18
985 31
986 69
987 13
988 71
989 98
990 24
991 74
992 82
993 16
994 23
995 15
996 48
997 40
998 75
999 51
