0 37
1 58
2 52
3 71
4 64
5 93
6 97
7 46
8 93
9 74
10 62
11 59
12 91
13 90
14 88
15 37
16 82
17 84
18 66
19 47
20 91
21 77
22 82
23 85
24 61
25 85
26 71
27 86
28 53
29 67
30 93
31 66
32 64
33 65
34 76
35 78
36 92
37 45
38 70
39 76
40 62
41 90
42 76
43 64
44 80
45 55
46 82
47 67
48 72
49 83
50 189
51 179
52 156
53 179
54 154
55 166
56 187
57 158
58 162
59 177
60 181
61 155
62 154
63 146
64 147
65 163
66 157
67 146
68 157
69 136
70 145
71 145
72 134
73 146
74 138
75 124
76 144
77 139
78 130
79 138
80 145
81 131
82 113
83 128
84 121
85 118
86 113
87 128
88 122
89 118
90 111
91 111
92 106
93 114
94 116
95 106
96 126
97 125
98 115
99 110
100 103
101 101
102 110
103 114
104 114
105 109
106 102
107 86
108 119
109 101
110 104
111 88
112 94
113 109
114 104
115 98
116 97
117 99
118 87
119 116
120 86
121 84
122 92
123 89
124 85
125 83
126 101
127 97
128 108
129 92
130 91
131 85
132 81
133 60
134 84
135 90
136 85
137 91
138 82
139 108
140 93
141 84
142 87
143 81
144 75
145 97
146 76
147 73
148 72
149 100
150 73
151 82
152 94
153 78
154 88
155 84
156 88
157 62
158 69
159 95
160 68
161 79
162 69
163 77
164 69
165 87
166 78
167 65
168 76
169 75
170 73
171 68
172 64
173 70
174 79
175 87
176 65
177 67
178 75
179 64
180 66
181 72
182 76
183 78
184 68
185 64
186 70
187 76
188 71
189 77
190 53
191 65
192 68
193 65
194 66
195 67
196 62
197 65
198 63
199 69
200 66
201 67
202 60
203 58
204 60
205 56
206 57
207 60
208 75
209 58
210 73
211 60
212 70
213 64
214 53
215 66
216 61
217 57
218 64
219 58
220 58
221 50
222 62
223 53
224 68
225 53
226 67
227 49
228 43
229 56
230 61
231 52
232 54
233 57
234 62
235 57
236 67
237 53
238 64
239 61
240 55
241 73
242 54
243 68
244 57
245 64
246 58
247 50
248 62
249 55
250 59
251 52
252 51
253 56
254 54
255 54
256 62
257 57
258 52
259 56
260 64
261 54
262 42
263 49
264 58
265 53
266 53
267 43
268 58
269 48
270 55
271 57
272 59
273 50
274 57
275 52
276 52
277 60
278 50
279 55
280 60
281 50
282 55
283 45
284 50
285 52
286 47
287 49
288 53
289 54
290 58
291 49
292 56
293 50
294 45
295 54
296 47
297 55
298 52
299 53
300 46
301 52
302 56
303 45
304 43
305 48
306 61
307 48
308 43
309 47
310 47
311 47
312 48
313 46
314 43
315 50
316 52
317 49
318 47
319 50
320 56
321 51
322 53
323 53
324 44
325 52
326 45
327 48
328 41
329 49
330 54
331 46
332 55
333 48
334 44
335 47
336 53
337 52
338 41
339 43
340 45
341 49
342 48
343 52
344 51
345 44
346 48
347 45
348 42
349 40
350 52
351 42
352 48
353 41
354 48
355 51
356 41
357 48
358 47
359 54
360 43
361 42
362 48
363 48
364 46
365 47
366 44
367 53
368 47
369 52
370 47
371 44
372 43
373 48
374 54
375 47
376 43
377 51
378 50
379 45
380 47
381 44
382 42
383 41
384 47
385 41
386 43
387 42
388 44
389 41
390 41
391 41
392 41
393 44
394 42
395 44
396 44
397 42
398 41
399 47
400 39
401 47
402 39
403 37
404 43
405 44
406 49
407 51
408 38
409 49
410 40
411 40
412 36
413 40
414 44
415 39
416 39
417 39
418 40
419 39
420 37
421 42
422 47
423 42
424 43
425 43
426 43
427 42
428 47
429 47
430 40
431 38
432 43
433 39
434 42
435 47
436 44
437 38
438 37
439 43
440 38
441 34
442 40
443 39
444 36
445 46
446 46
447 36
448 40
449 37
450 35
451 44
452 35
453 37
454 40
455 41
456 40
457 43
458 40
459 37
460 40
461 37
462 39
463 37
464 46
465 43
466 37
467 35
468 43
469 41
470 37
471 41
472 44
473 42
474 43
475 36
476 36
477 33
478 41
479 38
480 42
481 35
482 42
483 42
484 42
485 49
486 35
487 39
488 40
489 43
490 40
491 39
492 41
493 42
494 42
495 40
496 32
497 38
498 36
499 38
500 40
501 38
502 40
503 37
504 39
505 32
506 34
507 36
508 36
509 38
510 38
511 38
512 37
513 38
514 40
515 33
516 33
517 37
518 45
519 36
520 39
521 34
522 35
523 36
524 34
525 41
526 42
527 35
528 40
529 38
530 40
531 36
532 42
533 36
534 32
535 39
536 39
537 36
538 35
539 39
540 36
541 35
542 37
543 40
544 35
545 36
546 41
547 35
548 38
549 40
550 31
551 34
552 36
553 39
554 34
555 32
556 38
557 33
558 39
559 30
560 38
561 34
562 35
563 40
564 35
565 34
566 41
567 36
568 36
569 38
570 40
571 31
572 30
573 31
574 39
575 35
576 35
577 38
578 32
579 32
580 37
581 34
582 31
583 32
584 38
585 33
586 36
587 31
588 33
589 34
590 31
591 30
592 34
593 36
594 38
595 32
596 36
597 34
598 35
599 36
600 34
601 33
602 31
603 34
604 32
605 33
606 32
607 32
608 33
609 37
610 38
611 36
612 32
613 36
614 29
615 34
616 36
617 35
618 39
619 34
620 33
621 37
622 33
623 35
624 35
625 32
626 35
627 34
628 34
629 38
630 32
631 31
632 33
633 34
634 33
635 32
636 31
637 35
638 33
639 32
640 33
641 35
642 32
643 31
644 33
645 33
646 30
647 35
648 33
649 34
650 33
651 35
652 34
653 30
654 32
655 32
656 33
657 31
658 36
659 32
660 34
661 33
662 31
663 34
664 32
665 29
666 30
667 32
668 36
669 31
670 31
671 32
672 29
673 31
674 36
675 37
676 30
677 30
678 33
679 34
680 33
681 31
682 32
683 32
684 32
685 30
686 31
687 29
688 35
689 35
690 32
691 36
692 32
693 29
694 30
695 30
696 31
697 32
698 32
699 34
700 33
701 32
702 29
703 30
704 30
705 34
706 32
707 30
708 31
709 34
710 32
711 34
712 33
713 33
714 31
715 32
716 33
717 29
718 32
719 33
720 32
721 31
722 32
723 32
724 33
725 31
726 29
727 31
728 33
729 32
730 32
731 30
732 28
733 32
734 31
735 29
736 31
737 28
738 30
739 30
740 33
741 30
742 30
743 30
744 29
745 31
746 29
747 28
748 31
749 30
750 29
751 29
752 30
753 32
754 28
755 30
756 31
757 29
758 29
759 31
760 28
761 29
762 30
763 30
764 31
765 31
766 32
767 29
768 30
769 28
770 29
771 28
772 32
773 28
774 31
775 31
776 30
777 28
778 33
779 31
780 31
781 29
782 32
783 27
784 28
785 30
786 29
787 28
788 28
789 30
790 31
791 29
792 32
793 28
794 27
795 30
796 30
797 28
798 30
799 28
800 27
801 28
802 29
803 29
804 30
805 32
806 29
807 27
808 30
809 29
810 31
811 28
812 29
813 27
814 27
815 30
816 32
817 30
818 28
819 29
820 29
821 28
822 29
823 28
824 28
825 29
826 29
827 30
828 28
829 29
830 29
831 31
832 26
833 28
834 29
835 28
836 30
837 29
838 28
839 27
840 29
841 27
842 31
843 30
844 31
845 27
846 28
847 28
848 28
849 29
850 29
851 28
852 28
853 28
854 28
855 30
856 28
857 28
858 29
859 27
860 30
861 27
862 27
863 29
864 29
865 30
866 27
867 28
868 29
869 29
870 27
871 29
872 28
873 28
874 27
875 29
876 28
877 30
878 28
879 29
880 27
881 29
882 27
883 28
884 29
885 28
886 27
887 28
888 29
889 27
890 30
891 29
892 28
893 28
894 28
895 28
896 27
897 29
898 28
899 28
900 29
901 29
902 28
903 28
904 26
905 29
906 26
907 26
908 27
909 28
910 27
911 28
912 27
913 27
914 27
915 28
916 28
917 28
918 28
919 28
920 27
921 26
922 30
923 28
924 27
925 27
926 27
927 27
928 26
929 26
930 26
931 27
932 28
933 27
934 27
935 27
936 28
937 27
938 26
939 27
940 26
941 27
942 26
943 27
944 26
945 27
946 27
947 26
948 26
949 28
950 27
951 28
952 27
953 27
954 27
955 27
956 26
957 26
958 27
959 26
960 26
961 26
962 26
963 26
964 26
965 26
966 27
967 27
968 27
969 26
970 27
971 26
972 27
973 27
974 27
975 27
976 27
977 26
978 26
979 27
980 26
981 26
982 26
983 26
984 26
985 26
986 27
987 26
988 27
989 27
990 27
991 26
992 26
993 27
994 26
995 26
996 26
997 26
998 26
999 26
