0 16
1 50
2 79
3 90
4 92
5 121
6 128
7 97
8 113
9 109
10 16
11 12
12 82
13 17
14 102
15 51
16 37
17 71
18 40
19 68
20 87
21 57
22 57
23 57
24 136
25 26
26 126
27 53
28 66
29 10
30 129
31 46
32 103
33 84
34 88
35 9
36 47
37 101
38 20
39 56
40 70
41 38
42 73
43 87
44 60
45 44
46 105
47 19
48 18
49 59
50 96
51 218
52 40
53 209
54 186
55 42
56 72
57 262
58 21
59 254
60 167
61 126
62 209
63 205
64 74
65 305
66 237
67 71
68 41
69 202
70 18
71 116
72 134
73 139
74 96
75 146
76 108
77 176
78 58
79 83
80 147
81 237
82 243
83 34
84 131
85 40
86 153
87 48
88 171
89 190
90 91
91 37
92 100
93 119
94 148
95 114
96 159
97 77
98 135
99 93
100 156
101 81
102 154
103 155
104 74
105 171
106 119
107 143
108 155
109 100
110 45
111 161
112 130
113 117
114 109
115 32
116 83
117 119
118 160
119 131
120 149
121 118
122 59
123 29
124 18
125 164
126 101
127 172
128 117
129 109
130 81
131 76
132 71
133 44
134 57
135 142
136 103
137 138
138 117
139 127
140 113
141 95
142 26
143 90
144 160
145 68
146 32
147 61
148 12
149 40
150 117
151 76
152 76
153 47
154 83
155 155
156 133
157 65
158 20
159 46
160 110
161 19
162 62
163 39
164 91
165 112
166 35
167 130
168 82
169 73
170 48
171 119
172 79
173 65
174 96
175 8
176 65
177 88
178 137
179 61
180 136
181 26
182 85
183 91
184 119
185 37
186 43
187 76
188 32
189 60
190 77
191 47
192 21
193 44
194 39
195 63
196 51
197 75
198 12
199 78
200 122
201 26
202 79
203 22
204 93
205 102
206 21
207 102
208 41
209 48
210 70
211 117
212 75
213 10
214 77
215 8
216 45
217 129
218 8
219 66
220 69
221 59
222 53
223 82
224 35
225 41
226 111
227 44
228 90
229 62
230 26
231 91
232 18
233 26
234 68
235 67
236 10
237 89
238 112
239 14
240 70
241 93
242 90
243 9
244 17
245 108
246 71
247 22
248 108
249 41
250 65
251 45
252 59
253 95
254 89
255 25
256 31
257 31
258 44
259 21
260 82
261 11
262 40
263 44
264 31
265 32
266 14
267 47
268 45
269 79
270 107
271 92
272 46
273 62
274 12
275 36
276 26
277 40
278 62
279 83
280 75
281 28
282 14
283 41
284 79
285 79
286 41
287 15
288 91
289 24
290 20
291 27
292 38
293 70
294 83
295 27
296 33
297 55
298 47
299 20
300 50
301 103
302 73
303 54
304 11
305 94
306 67
307 52
308 18
309 10
310 99
311 74
312 42
313 73
314 63
315 54
316 34
317 86
318 44
319 52
320 85
321 31
322 19
323 34
324 68
325 91
326 10
327 39
328 13
329 32
330 62
331 32
332 55
333 29
334 44
335 85
336 37
337 68
338 32
339 29
340 49
341 45
342 68
343 38
344 10
345 37
346 17
347 54
348 46
349 41
350 49
351 24
352 58
353 16
354 82
355 30
356 64
357 55
358 7
359 66
360 29
361 66
362 61
363 38
364 44
365 39
366 54
367 58
368 88
369 53
370 50
371 20
372 48
373 62
374 31
375 72
376 33
377 10
378 18
379 49
380 35
381 65
382 10
383 35
384 19
385 16
386 39
387 28
388 30
389 52
390 15
391 10
392 90
393 46
394 68
395 11
396 14
397 30
398 87
399 42
400 80
401 66
402 56
403 70
404 64
405 16
406 26
407 50
408 79
409 39
410 7
411 5
412 72
413 18
414 53
415 32
416 72
417 75
418 70
419 44
420 30
421 77
422 62
423 9
424 77
425 67
426 84
427 13
428 20
429 43
430 52
431 57
432 73
433 43
434 68
435 16
436 35
437 45
438 75
439 40
440 48
441 65
442 52
443 54
444 37
445 60
446 16
447 34
448 15
449 72
450 47
451 26
452 55
453 59
454 37
455 19
456 19
457 5
458 88
459 71
460 50
461 51
462 29
463 71
464 57
465 68
466 17
467 37
468 69
469 69
470 67
471 26
472 15
473 69
474 47
475 19
476 43
477 10
478 45
479 48
480 21
481 28
482 39
483 63
484 56
485 18
486 40
487 16
488 64
489 41
490 46
491 74
492 61
493 70
494 31
495 44
496 55
497 11
498 29
499 62
500 50
501 9
502 59
503 33
504 51
505 61
506 38
507 68
508 38
509 54
510 46
511 40
512 24
513 15
514 48
515 30
516 61
517 16
518 64
519 34
520 64
521 53
522 34
523 37
524 35
525 58
526 65
527 36
528 13
529 18
530 15
531 42
532 21
533 53
534 40
535 61
536 48
537 33
538 4
539 57
540 12
541 55
542 73
543 6
544 16
545 29
546 42
547 62
548 32
549 54
550 67
551 25
552 29
553 66
554 5
555 45
556 13
557 13
558 27
559 23
560 16
561 65
562 51
563 54
564 63
565 65
566 39
567 49
568 23
569 48
570 35
571 32
572 4
573 49
574 15
575 46
576 33
577 61
578 14
579 53
580 7
581 36
582 6
583 8
584 32
585 56
586 33
587 43
588 56
589 46
590 4
591 27
592 13
593 42
594 37
595 56
596 55
597 11
598 26
599 30
600 57
601 53
602 68
603 54
604 49
605 26
606 25
607 35
608 34
609 69
610 58
611 8
612 26
613 18
614 7
615 4
616 5
617 34
618 25
619 15
620 55
621 19
622 36
623 11
624 4
625 26
626 58
627 34
628 46
629 14
630 35
631 24
632 10
633 20
634 23
635 36
636 28
637 38
638 50
639 43
640 18
641 40
642 63
643 18
644 7
645 29
646 31
647 41
648 62
649 54
650 10
651 21
652 49
653 43
654 28
655 14
656 27
657 11
658 16
659 30
660 38
661 34
662 24
663 14
664 18
665 28
666 51
667 40
668 17
669 41
670 27
671 30
672 25
673 22
674 45
675 8
676 21
677 8
678 11
679 53
680 11
681 26
682 16
683 47
684 44
685 39
686 27
687 11
688 39
689 42
690 8
691 28
692 33
693 59
694 50
695 12
696 15
697 48
698 31
699 40
700 22
701 56
702 43
703 54
704 46
705 14
706 41
707 20
708 4
709 14
710 14
711 8
712 46
713 32
714 36
715 39
716 37
717 33
718 21
719 6
720 27
721 52
722 24
723 53
724 21
725 53
726 18
727 6
728 4
729 25
730 33
731 37
732 23
733 23
734 32
735 41
736 20
737 24
738 6
739 10
740 36
741 29
742 31
743 53
744 43
745 41
746 46
747 29
748 52
749 36
750 38
751 46
752 46
753 6
754 34
755 39
756 57
757 6
758 13
759 10
760 37
761 7
762 11
763 40
764 44
765 13
766 27
767 44
768 20
769 45
770 22
771 17
772 50
773 11
774 22
775 28
776 12
777 14
778 50
779 49
780 49
781 23
782 23
783 28
784 24
785 47
786 53
787 31
788 45
789 14
790 19
791 28
792 51
793 22
794 47
795 28
796 40
797 26
798 26
799 5
800 25
801 35
802 38
803 40
804 13
805 45
806 21
807 30
808 26
809 37
810 32
811 8
812 48
813 42
814 7
815 51
816 4
817 19
818 42
819 35
820 25
821 47
822 52
823 50
824 51
825 50
826 4
827 37
828 45
829 23
830 20
831 22
832 35
833 16
834 14
835 39
836 51
837 13
838 36
839 46
840 15
841 51
842 55
843 52
844 28
845 37
846 49
847 51
848 47
849 43
850 8
851 18
852 3
853 8
854 49
855 48
856 29
857 18
858 17
859 10
860 7
861 25
862 29
863 14
864 4
865 16
866 8
867 41
868 42
869 13
870 51
871 23
872 17
873 53
874 7
875 43
876 13
877 9
878 29
879 34
880 4
881 43
882 37
883 13
884 25
885 47
886 3
887 5
888 49
889 20
890 20
891 4
892 5
893 19
894 25
895 32
896 5
897 13
898 26
899 24
900 28
901 46
902 39
903 46
904 34
905 30
906 7
907 7
908 47
909 10
910 26
911 27
912 14
913 10
914 37
915 3
916 42
917 6
918 35
919 51
920 15
921 46
922 9
923 46
924 28
925 48
926 3
927 19
928 15
929 29
930 4
931 31
932 8
933 51
934 13
935 15
936 17
937 32
938 29
939 30
940 29
941 41
942 41
943 39
944 35
945 25
946 45
947 24
948 11
949 16
950 18
951 38
952 31
953 14
954 40
955 22
956 4
957 12
958 17
959 11
960 48
961 49
962 47
963 48
964 29
965 31
966 5
967 7
968 44
969 25
970 19
971 43
972 4
973 12
974 45
975 46
976 47
977 33
978 23
979 7
980 11
981 41
982 15
983 4
984 8
985 7
986 35
987 3
988 7
989 34
990 20
991 5
992 10
993 31
994 20
995 10
996 46
997 37
998 49
999 37
