0 7
1 1
2 6
3 16
4 6
5 5
6 9
7 3
8 12
9 6
10 1
11 13
12 10
13 11
14 6
15 5
16 6
17 2
18 7
19 7
20 1
21 7
22 4
23 2
24 1
25 8
26 16
27 3
28 2
29 3
30 13
31 4
32 2
33 10
34 4
35 1
36 4
37 3
38 3
39 4
40 4
41 14
42 19
43 7
44 3
45 9
46 13
47 3
48 2
49 4
50 5
51 5
52 1
53 16
54 5
55 7
56 3
57 6
58 1
59 10
60 17
61 25
62 7
63 8
64 3
65 5
66 4
67 2
68 2
69 3
70 4
71 18
72 1
73 7
74 9
75 4
76 7
77 6
78 12
79 5
80 3
81 17
82 4
83 8
84 10
85 4
86 16
87 12
88 6
89 4
90 4
91 12
92 7
93 18
94 5
95 2
96 3
97 20
98 1
99 2
100 7
101 8
102 4
103 1
104 4
105 12
106 2
107 3
108 1
109 4
110 7
111 1
112 8
113 11
114 4
115 3
116 2
117 1
118 31
119 1
120 4
121 4
122 5
123 2
124 3
125 2
126 17
127 16
128 21
129 1
130 13
131 18
132 18
133 1
134 2
135 12
136 1
137 20
138 6
139 4
140 3
141 8
142 20
143 4
144 7
145 6
146 3
147 21
148 5
149 7
150 1
151 6
152 6
153 4
154 4
155 18
156 11
157 1
158 6
159 42
160 20
161 21
162 3
163 17
164 26
165 15
166 10
167 2
168 2
169 9
170 11
171 20
172 24
173 12
174 1
175 4
176 2
177 13
178 48
179 4
180 23
181 19
182 3
183 24
184 42
185 2
186 4
187 15
188 8
189 5
190 8
191 3
192 14
193 2
194 7
195 12
196 8
197 4
198 3
199 13
200 5
201 12
202 5
203 6
204 3
205 25
206 10
207 1
208 16
209 17
210 3
211 8
212 2
213 14
214 2
215 4
216 3
217 4
218 9
219 3
220 3
221 4
222 1
223 14
224 1
225 2
226 3
227 2
228 1
229 1
230 13
231 1
232 3
233 3
234 1
235 3
236 7
237 2
238 2
239 7
240 3
241 3
242 7
243 12
244 7
245 4
246 5
247 16
248 20
249 13
250 8
251 15
252 17
253 3
254 8
255 2
256 3
257 2
258 14
259 9
260 8
261 4
262 5
263 6
264 13
265 5
266 2
267 34
268 11
269 15
270 6
271 18
272 3
273 7
274 3
275 1
276 9
277 12
278 13
279 2
280 1
281 9
282 3
283 1
284 12
285 3
286 8
287 1
288 18
289 2
290 1
291 11
292 7
293 5
294 2
295 16
296 1
297 4
298 2
299 2
300 1
301 26
302 45
303 4
304 36
305 16
306 16
307 1
308 3
309 9
310 15
311 2
312 3
313 9
314 13
315 4
316 2
317 18
318 2
319 15
320 1
321 4
322 15
323 12
324 4
325 2
326 3
327 5
328 15
329 4
330 18
331 9
332 17
333 5
334 1
335 8
336 7
337 6
338 3
339 6
340 5
341 1
342 4
343 3
344 6
345 3
346 6
347 3
348 1
349 4
350 4
351 4
352 1
353 12
354 5
355 17
356 8
357 3
358 2
359 2
360 5
361 4
362 2
363 5
364 2
365 6
366 1
367 12
368 5
369 4
370 3
371 5
372 3
373 1
374 2
375 1
376 5
377 2
378 4
379 19
380 4
381 2
382 8
383 8
384 6
385 22
386 9
387 15
388 2
389 13
390 12
391 8
392 36
393 31
394 20
395 3
396 14
397 1
398 3
399 5
400 6
401 2
402 1
403 7
404 2
405 1
406 2
407 8
408 4
409 11
410 10
411 2
412 2
413 5
414 9
415 7
416 7
417 5
418 13
419 3
420 18
421 1
422 19
423 1
424 6
425 1
426 6
427 5
428 3
429 2
430 2
431 4
432 2
433 4
434 6
435 2
436 5
437 2
438 7
439 2
440 4
441 4
442 2
443 3
444 17
445 1
446 4
447 1
448 6
449 3
450 6
451 15
452 2
453 5
454 3
455 8
456 8
457 2
458 12
459 7
460 4
461 2
462 9
463 5
464 6
465 1
466 2
467 20
468 8
469 7
470 4
471 4
472 2
473 6
474 11
475 8
476 6
477 7
478 1
479 4
480 4
481 2
482 1
483 1
484 2
485 2
486 34
487 9
488 30
489 14
490 14
491 6
492 1
493 3
494 1
495 15
496 1
497 2
498 11
499 1
500 2
501 5
502 15
503 5
504 1
505 2
506 3
507 4
508 3
509 8
510 6
511 2
512 3
513 3
514 10
515 2
516 31
517 2
518 2
519 3
520 5
521 3
522 9
523 4
524 3
525 12
526 6
527 3
528 4
529 18
530 2
531 2
532 5
533 10
534 14
535 2
536 1
537 4
538 7
539 6
540 3
541 10
542 4
543 11
544 9
545 12
546 6
547 1
548 2
549 1
550 2
551 59
552 2
553 1
554 8
555 3
556 12
557 2
558 3
559 4
560 2
561 6
562 5
563 2
564 9
565 5
566 2
567 3
568 14
569 9
570 17
571 6
572 7
573 4
574 2
575 5
576 1
577 7
578 15
579 4
580 6
581 5
582 10
583 9
584 10
585 3
586 1
587 3
588 2
589 8
590 5
591 6
592 14
593 7
594 2
595 2
596 5
597 6
598 11
599 14
600 7
601 1
602 3
603 4
604 7
605 2
606 2
607 16
608 12
609 2
610 2
611 4
612 7
613 7
614 2
615 4
616 13
617 1
618 2
619 6
620 7
621 1
622 3
623 6
624 1
625 2
626 7
627 11
628 1
629 2
630 4
631 5
632 3
633 2
634 7
635 6
636 10
637 18
638 8
639 4
640 10
641 9
642 15
643 3
644 2
645 2
646 5
647 2
648 2
649 15
650 2
651 6
652 1
653 4
654 9
655 6
656 4
657 9
658 2
659 2
660 2
661 19
662 11
663 2
664 11
665 6
666 34
667 36
668 16
669 37
670 12
671 8
672 7
673 2
674 8
675 3
676 4
677 1
678 3
679 1
680 4
681 11
682 6
683 13
684 8
685 5
686 6
687 3
688 1
689 2
690 4
691 10
692 5
693 8
694 15
695 12
696 18
697 10
698 2
699 4
700 1
701 9
702 8
703 1
704 3
705 4
706 13
707 1
708 9
709 4
710 1
711 16
712 5
713 1
714 2
715 11
716 2
717 7
718 14
719 5
720 12
721 4
722 1
723 12
724 6
725 5
726 1
727 6
728 23
729 2
730 6
731 13
732 4
733 3
734 4
735 4
736 8
737 12
738 9
739 4
740 16
741 4
742 3
743 12
744 2
745 1
746 5
747 2
748 3
749 20
750 10
751 2
752 6
753 6
754 2
755 3
756 10
757 1
758 7
759 17
760 17
761 2
762 5
763 6
764 9
765 10
766 2
767 3
768 14
769 2
770 12
771 1
772 8
773 3
774 4
775 30
776 19
777 16
778 25
779 12
780 13
781 35
782 18
783 13
784 1
785 6
786 4
787 8
788 6
789 3
790 1
791 6
792 9
793 14
794 6
795 14
796 27
797 3
798 14
799 13
800 3
801 4
802 11
803 16
804 7
805 2
806 4
807 2
808 3
809 4
810 5
811 7
812 1
813 14
814 6
815 25
816 19
817 1
818 2
819 13
820 16
821 2
822 16
823 4
824 3
825 11
826 1
827 7
828 2
829 3
830 14
831 21
832 5
833 2
834 2
835 15
836 10
837 5
838 5
839 1
840 5
841 6
842 7
843 3
844 2
845 3
846 4
847 12
848 2
849 8
850 17
851 4
852 6
853 8
854 9
855 6
856 10
857 6
858 5
859 8
860 2
861 4
862 1
863 1
864 1
865 15
866 13
867 25
868 7
869 22
870 2
871 2
872 2
873 2
874 1
875 2
876 7
877 3
878 10
879 2
880 5
881 4
882 2
883 4
884 1
885 19
886 6
887 1
888 1
889 3
890 5
891 1
892 3
893 17
894 13
895 3
896 7
897 6
898 3
899 10
900 5
901 7
902 8
903 3
904 4
905 1
906 3
907 5
908 12
909 2
910 2
911 5
912 1
913 14
914 5
915 5
916 2
917 3
918 4
919 4
920 2
921 5
922 5
923 4
924 1
925 2
926 3
927 2
928 1
929 1
930 8
931 3
932 9
933 2
934 9
935 9
936 23
937 3
938 9
939 8
940 11
941 14
942 14
943 9
944 1
945 6
946 13
947 5
948 2
949 11
950 1
951 6
952 7
953 5
954 15
955 4
956 3
957 2
958 2
959 11
960 4
961 4
962 2
963 9
964 10
965 2
966 12
967 13
968 4
969 1
970 8
971 2
972 9
973 4
974 2
975 9
976 1
977 2
978 8
979 15
980 3
981 3
982 4
983 2
984 3
985 2
986 7
987 18
988 7
989 11
990 13
991 13
992 1
993 11
994 5
995 10
996 3
997 5
998 23
999 7
1000 4
1001 15
1002 7
1003 3
1004 4
1005 1
1006 1
1007 3
1008 9
1009 16
1010 3
1011 5
1012 27
1013 6
1014 6
1015 12
1016 17
1017 7
1018 9
1019 5
1020 14
1021 6
1022 1
1023 4
1024 4
1025 2
1026 11
1027 8
1028 1
1029 3
1030 3
1031 5
1032 2
1033 8
1034 7
1035 1
1036 4
1037 4
1038 3
1039 2
1040 3
1041 5
1042 1
1043 12
1044 6
1045 2
1046 3
1047 6
1048 2
1049 11
1050 13
1051 2
1052 3
1053 6
1054 1
1055 1
1056 8
1057 4
1058 11
1059 1
1060 12
1061 14
1062 6
1063 3
1064 7
1065 22
1066 13
1067 3
1068 2
1069 2
1070 2
1071 8
1072 6
1073 3
1074 1
1075 13
1076 3
1077 8
1078 9
1079 13
1080 6
1081 2
1082 2
1083 4
1084 10
1085 2
1086 3
1087 5
1088 6
1089 2
1090 13
1091 5
1092 8
1093 11
1094 2
1095 3
1096 6
1097 8
1098 1
1099 6
1100 1
1101 8
1102 9
1103 15
1104 5
1105 5
1106 17
1107 9
1108 2
1109 10
1110 3
1111 2
1112 5
1113 1
1114 7
1115 5
1116 1
1117 23
1118 3
1119 8
1120 26
1121 13
1122 5
1123 15
1124 18
1125 45
1126 19
1127 31
1128 2
1129 3
1130 19
1131 5
1132 1
1133 1
1134 4
1135 1
1136 3
1137 2
1138 2
1139 2
1140 1
1141 9
1142 7
1143 14
1144 10
1145 4
1146 1
1147 7
1148 3
1149 3
1150 2
1151 7
1152 8
1153 1
1154 11
1155 2
1156 8
1157 10
1158 1
1159 6
1160 6
1161 8
1162 2
1163 18
1164 9
1165 2
1166 2
1167 14
1168 31
1169 26
1170 19
1171 14
1172 35
1173 4
1174 4
1175 7
1176 7
1177 6
1178 11
1179 12
1180 1
1181 1
1182 3
1183 3
1184 12
1185 14
1186 5
1187 2
1188 11
1189 2
1190 7
1191 1
1192 1
1193 4
1194 4
1195 8
1196 15
1197 2
1198 6
1199 1
1200 5
1201 7
1202 11
1203 6
1204 2
1205 7
1206 10
1207 6
1208 2
1209 2
1210 3
1211 1
1212 2
1213 4
1214 3
1215 9
1216 7
1217 34
1218 10
1219 4
1220 7
1221 1
1222 7
1223 3
1224 4
1225 5
1226 10
1227 5
1228 3
1229 16
1230 7
1231 13
1232 1
1233 2
1234 1
1235 11
1236 3
1237 1
1238 3
1239 4
1240 2
1241 1
1242 1
1243 3
1244 8
1245 9
1246 1
1247 3
1248 5
1249 3
1250 1
1251 3
1252 17
1253 1
1254 4
1255 3
1256 3
1257 8
1258 3
1259 5
1260 4
1261 1
1262 1
1263 14
1264 5
1265 5
1266 7
1267 2
1268 1
1269 26
1270 20
1271 15
1272 21
1273 3
1274 20
1275 1
1276 9
1277 1
1278 2
1279 1
1280 1
1281 3
1282 2
1283 2
1284 12
1285 11
1286 4
1287 3
1288 1
1289 8
1290 7
1291 6
1292 2
1293 13
1294 2
1295 2
1296 3
1297 2
1298 22
1299 7
1300 2
1301 7
1302 12
1303 2
1304 7
1305 4
1306 6
1307 8
1308 4
1309 2
1310 5
1311 2
1312 2
1313 4
1314 13
1315 3
1316 10
1317 5
1318 8
1319 14
1320 6
1321 1
1322 3
1323 6
1324 6
1325 3
1326 2
1327 5
1328 2
1329 2
1330 8
1331 1
1332 3
1333 6
1334 1
1335 3
1336 7
1337 3
1338 8
1339 12
1340 6
1341 7
1342 1
1343 2
1344 1
1345 12
1346 10
1347 4
1348 4
1349 1
1350 3
1351 7
1352 5
1353 9
1354 6
1355 1
1356 2
1357 15
1358 9
1359 2
1360 4
1361 2
1362 14
1363 4
1364 8
1365 4
1366 8
1367 6
1368 3
1369 8
1370 13
1371 4
1372 1
1373 5
1374 4
1375 2
1376 3
1377 17
1378 3
1379 5
1380 11
1381 6
1382 2
1383 2
1384 7
1385 7
1386 8
1387 3
1388 3
1389 2
1390 1
1391 19
1392 2
1393 1
1394 13
1395 4
1396 3
1397 1
1398 7
1399 1
1400 1
1401 1
1402 4
1403 5
1404 10
1405 13
1406 3
1407 17
1408 7
1409 7
1410 1
1411 2
1412 12
1413 6
1414 8
1415 12
1416 8
1417 4
1418 2
1419 2
1420 13
1421 2
1422 5
1423 3
1424 6
1425 4
1426 12
1427 4
1428 7
1429 2
1430 27
1431 9
1432 10
1433 8
1434 2
1435 13
1436 2
1437 17
1438 1
1439 4
1440 1
1441 3
1442 7
1443 16
1444 2
1445 12
1446 1
1447 2
1448 13
1449 12
1450 4
1451 6
1452 1
1453 10
1454 5
1455 5
1456 1
1457 2
1458 1
1459 6
1460 2
1461 1
1462 7
1463 8
1464 13
1465 2
1466 3
1467 11
1468 18
1469 8
1470 1
1471 9
1472 13
1473 1
1474 3
1475 2
1476 2
1477 5
1478 1
1479 1
1480 10
1481 2
1482 16
1483 8
1484 14
1485 3
1486 2
1487 13
1488 16
1489 13
1490 1
1491 1
1492 9
1493 5
1494 13
1495 12
1496 4
1497 12
1498 2
1499 2
1500 1
1501 14
1502 15
1503 10
1504 6
1505 1
1506 2
1507 6
1508 4
1509 9
1510 4
1511 1
1512 8
1513 5
1514 7
1515 1
1516 11
1517 9
1518 2
1519 13
1520 1
1521 3
1522 9
1523 3
1524 1
1525 1
1526 13
1527 1
1528 12
1529 5
1530 5
1531 1
1532 13
1533 6
1534 3
1535 5
1536 3
1537 4
1538 13
1539 6
1540 3
1541 5
1542 1
1543 3
1544 3
1545 2
1546 15
1547 2
1548 3
1549 15
1550 1
1551 2
1552 1
1553 1
1554 1
1555 3
1556 17
1557 7
1558 3
1559 6
1560 2
1561 10
1562 3
1563 8
1564 11
1565 24
1566 2
1567 2
1568 8
1569 4
1570 3
1571 1
1572 1
1573 3
1574 7
1575 3
1576 9
1577 14
1578 2
1579 14
1580 1
1581 1
1582 2
1583 1
1584 10
1585 7
1586 12
1587 3
1588 3
1589 5
1590 1
1591 3
1592 9
1593 12
1594 2
1595 11
1596 5
1597 14
1598 3
1599 9
1600 5
1601 3
1602 2
1603 1
1604 10
1605 4
1606 1
1607 14
1608 3
1609 1
1610 6
1611 4
1612 16
1613 4
1614 2
1615 2
1616 18
1617 3
1618 11
1619 1
1620 5
1621 5
1622 3
1623 2
1624 7
1625 6
1626 4
1627 15
1628 9
1629 18
1630 2
1631 11
1632 2
1633 5
1634 7
1635 11
1636 1
1637 2
1638 1
1639 11
1640 2
1641 3
1642 3
1643 1
1644 8
1645 9
1646 1
1647 3
1648 4
1649 2
1650 12
1651 7
1652 1
1653 2
1654 19
1655 3
1656 4
1657 3
1658 9
1659 2
1660 9
1661 3
1662 1
1663 12
1664 3
1665 1
1666 10
1667 3
1668 2
1669 7
1670 2
1671 1
1672 3
1673 11
1674 11
1675 3
1676 9
1677 3
1678 17
1679 2
1680 18
1681 3
1682 22
1683 18
1684 20
1685 3
1686 1
1687 11
1688 1
1689 6
1690 13
1691 9
1692 10
1693 13
1694 8
1695 7
1696 3
1697 3
1698 10
1699 3
1700 1
1701 7
1702 2
1703 4
1704 3
1705 8
1706 3
1707 2
1708 3
1709 10
1710 10
1711 1
1712 1
1713 5
1714 2
1715 1
1716 1
1717 3
1718 1
1719 5
1720 14
1721 13
1722 12
1723 2
1724 3
1725 9
1726 2
1727 18
1728 9
1729 2
1730 2
1731 1
1732 7
1733 7
1734 1
1735 3
1736 3
1737 3
1738 2
1739 16
1740 4
1741 4
1742 10
1743 2
1744 2
1745 1
1746 7
1747 5
1748 7
1749 10
1750 4
1751 2
1752 1
1753 13
1754 3
1755 13
1756 1
1757 3
1758 2
1759 1
1760 10
1761 12
1762 1
1763 3
1764 1
1765 2
1766 7
1767 2
1768 2
1769 11
1770 2
1771 1
1772 7
1773 7
1774 1
1775 8
1776 3
1777 4
1778 5
1779 1
1780 1
1781 3
1782 19
1783 6
1784 1
1785 3
1786 4
1787 2
1788 3
1789 1
1790 8
1791 1
1792 2
1793 2
1794 12
1795 1
1796 7
1797 46
1798 8
1799 14
1800 9
1801 7
1802 4
1803 6
1804 4
1805 1
1806 17
1807 5
1808 15
1809 6
1810 2
1811 17
1812 14
1813 1
1814 3
1815 4
1816 3
1817 4
1818 4
1819 2
1820 7
1821 3
1822 7
1823 4
1824 1
1825 6
1826 1
1827 6
1828 12
1829 2
1830 2
1831 1
1832 11
1833 13
1834 5
1835 5
1836 10
1837 2
1838 2
1839 4
1840 2
1841 12
1842 24
1843 6
1844 4
1845 11
1846 1
1847 14
1848 4
1849 2
1850 3
1851 6
1852 5
1853 11
1854 2
1855 5
1856 16
1857 8
1858 8
1859 7
1860 11
1861 11
1862 2
1863 7
1864 10
1865 4
1866 1
1867 1
1868 3
1869 1
1870 5
1871 9
1872 3
1873 1
1874 4
1875 2
1876 2
1877 2
1878 2
1879 2
1880 10
1881 10
1882 1
1883 13
1884 2
1885 6
1886 2
1887 4
1888 1
1889 5
1890 12
1891 4
1892 7
1893 4
1894 7
1895 3
1896 14
1897 10
1898 4
1899 2
1900 1
1901 6
1902 15
1903 14
1904 4
1905 15
1906 2
1907 10
1908 3
1909 6
1910 1
1911 16
1912 1
1913 15
1914 1
1915 16
1916 6
1917 1
1918 2
1919 6
1920 6
1921 4
1922 3
1923 14
1924 2
1925 2
1926 3
1927 6
1928 6
1929 2
1930 1
1931 8
1932 3
1933 2
1934 8
1935 4
1936 2
1937 10
1938 4
1939 15
1940 6
1941 2
1942 3
1943 4
1944 4
1945 10
1946 2
1947 3
1948 9
1949 15
1950 1
1951 1
1952 8
1953 2
1954 11
1955 2
1956 2
1957 7
1958 2
1959 4
1960 10
1961 14
1962 11
1963 15
1964 12
1965 9
1966 2
1967 5
1968 2
1969 6
1970 12
1971 2
1972 9
1973 10
1974 10
1975 2
1976 2
1977 3
1978 7
1979 4
1980 1
1981 5
1982 13
1983 1
1984 5
1985 9
1986 2
1987 6
1988 16
1989 4
1990 4
1991 2
1992 5
1993 1
1994 10
1995 6
1996 1
1997 2
1998 1
1999 1
2000 2
2001 1
2002 2
2003 2
2004 10
2005 1
2006 8
2007 2
2008 2
2009 11
2010 16
2011 3
2012 11
2013 13
2014 4
2015 1
2016 5
2017 14
2018 1
2019 2
2020 7
2021 2
2022 3
2023 6
2024 13
2025 15
2026 7
2027 5
2028 4
2029 2
2030 1
2031 8
2032 1
2033 9
2034 1
2035 3
2036 1
2037 2
2038 1
2039 8
2040 12
2041 2
2042 7
2043 17
2044 21
2045 2
2046 7
2047 11
2048 2
2049 1
2050 12
2051 1
2052 4
2053 11
2054 10
2055 7
2056 3
2057 7
2058 2
2059 5
2060 2
2061 3
2062 4
2063 13
2064 3
2065 7
2066 3
2067 4
2068 3
2069 11
2070 2
2071 3
2072 1
2073 9
2074 14
2075 5
2076 2
2077 7
2078 6
2079 6
2080 4
2081 4
2082 14
2083 19
2084 4
2085 7
2086 13
2087 11
2088 10
2089 9
2090 4
2091 5
2092 10
2093 5
2094 3
2095 6
2096 12
2097 1
2098 12
2099 1
2100 21
2101 8
2102 1
2103 2
2104 5
2105 10
2106 14
2107 5
2108 2
2109 2
2110 1
2111 13
2112 4
2113 7
2114 2
2115 2
2116 8
2117 32
2118 2
2119 4
2120 1
2121 5
2122 8
2123 1
2124 2
2125 1
2126 1
2127 24
2128 1
2129 6
2130 2
2131 2
2132 8
2133 18
2134 2
2135 6
2136 3
2137 1
2138 11
2139 3
2140 2
2141 3
2142 2
2143 6
2144 13
2145 3
2146 5
2147 2
2148 2
2149 1
2150 8
2151 4
2152 4
2153 3
2154 6
2155 1
2156 5
2157 2
2158 2
2159 11
2160 2
2161 4
2162 8
2163 9
2164 14
2165 7
2166 1
2167 2
2168 10
2169 1
2170 2
2171 11
2172 2
2173 3
2174 3
2175 8
2176 6
2177 2
2178 1
2179 3
2180 3
2181 1
2182 4
2183 1
2184 7
2185 22
2186 4
2187 1
2188 9
2189 10
2190 1
2191 5
2192 8
2193 6
2194 8
2195 7
2196 6
2197 7
2198 1
2199 2
2200 3
2201 2
2202 3
2203 17
2204 7
2205 1
2206 5
2207 1
2208 9
2209 13
2210 1
2211 2
2212 3
2213 2
2214 1
2215 2
2216 8
2217 1
2218 4
2219 5
2220 1
2221 3
2222 1
2223 4
2224 4
2225 3
2226 9
2227 5
2228 2
2229 2
2230 1
2231 6
2232 14
2233 7
2234 3
2235 3
2236 1
2237 9
2238 6
2239 6
2240 1
2241 14
2242 3
2243 9
2244 4
2245 11
2246 3
2247 3
2248 9
2249 10
2250 4
2251 3
2252 13
2253 1
2254 15
2255 4
2256 6
2257 2
2258 10
2259 11
2260 5
2261 4
2262 2
2263 9
2264 3
2265 2
2266 1
2267 13
2268 15
2269 32
2270 5
2271 12
2272 10
2273 1
2274 3
2275 6
2276 11
2277 1
2278 1
2279 7
2280 2
2281 4
2282 17
2283 11
2284 8
2285 6
2286 7
2287 5
2288 5
2289 2
2290 9
2291 1
2292 2
2293 5
2294 3
2295 1
2296 3
2297 3
2298 3
2299 18
2300 2
2301 6
2302 1
2303 8
2304 11
2305 1
2306 8
2307 1
2308 3
2309 2
2310 14
2311 14
2312 2
2313 8
2314 1
2315 5
2316 14
2317 12
2318 14
2319 10
2320 3
2321 1
2322 12
2323 2
2324 6
2325 1
2326 1
2327 4
2328 4
2329 6
2330 11
2331 1
2332 6
2333 2
2334 1
2335 10
2336 2
2337 1
2338 20
2339 3
2340 1
2341 7
2342 4
2343 1
2344 11
2345 1
2346 4
2347 4
2348 6
2349 3
2350 6
2351 9
2352 6
2353 2
2354 22
2355 16
2356 3
2357 2
2358 1
2359 10
2360 1
2361 4
2362 2
2363 2
2364 5
2365 8
2366 7
2367 2
2368 24
2369 14
2370 18
2371 8
2372 2
2373 1
2374 4
2375 2
2376 11
2377 11
2378 2
2379 3
2380 4
2381 3
2382 8
2383 9
2384 6
2385 4
2386 5
2387 14
2388 2
2389 1
2390 7
2391 4
2392 2
2393 6
2394 2
2395 11
2396 2
2397 2
2398 2
2399 1
2400 3
2401 2
2402 2
2403 4
2404 4
2405 1
2406 1
2407 6
2408 1
2409 4
2410 1
2411 16
2412 7
2413 5
2414 5
2415 1
2416 1
2417 6
2418 8
2419 2
2420 2
2421 13
2422 1
2423 1
2424 1
2425 2
2426 5
2427 5
2428 1
2429 12
2430 8
2431 3
2432 1
2433 4
2434 2
2435 2
2436 3
2437 11
2438 12
2439 3
2440 1
2441 1
2442 4
2443 12
2444 2
2445 7
2446 4
2447 1
2448 2
2449 11
2450 5
2451 1
2452 2
2453 5
2454 3
2455 2
2456 3
2457 5
2458 2
2459 4
2460 8
2461 19
2462 1
2463 6
2464 2
2465 3
2466 2
2467 10
2468 5
2469 5
2470 3
2471 3
2472 5
2473 12
2474 4
2475 2
2476 15
2477 2
2478 4
2479 2
2480 2
2481 1
2482 4
2483 1
2484 2
2485 1
2486 5
2487 7
2488 3
2489 2
2490 2
2491 2
2492 1
2493 8
2494 10
2495 10
2496 6
2497 5
2498 1
2499 5
2500 20
2501 4
2502 2
2503 15
2504 13
2505 6
2506 8
2507 5
2508 10
2509 1
2510 5
2511 1
2512 11
2513 8
2514 4
2515 1
2516 1
2517 11
2518 4
2519 4
2520 2
2521 2
2522 5
2523 8
2524 6
2525 4
2526 15
2527 9
2528 1
2529 5
2530 6
2531 17
2532 2
2533 5
2534 2
2535 5
2536 2
2537 1
2538 1
2539 9
2540 7
2541 1
2542 4
2543 5
2544 4
2545 3
2546 1
2547 8
2548 2
2549 2
2550 1
2551 6
2552 4
2553 15
2554 2
2555 3
2556 2
2557 2
2558 16
2559 1
2560 10
2561 2
2562 4
2563 2
2564 2
2565 1
2566 3
2567 2
2568 2
2569 3
2570 5
2571 10
2572 1
2573 2
2574 11
2575 1
2576 10
2577 3
2578 4
2579 8
2580 1
2581 18
2582 13
2583 8
2584 1
2585 16
2586 10
2587 15
2588 9
2589 2
2590 5
2591 19
2592 7
2593 6
2594 3
2595 1
2596 1
2597 2
2598 1
2599 3
2600 1
2601 8
2602 15
2603 3
2604 8
2605 1
2606 4
2607 4
2608 12
2609 1
2610 7
2611 14
2612 2
2613 2
2614 5
2615 12
2616 2
2617 3
2618 2
2619 1
2620 38
2621 7
2622 10
2623 12
2624 14
2625 9
2626 4
2627 11
2628 3
2629 2
2630 2
2631 4
2632 1
2633 13
2634 8
2635 3
2636 7
2637 11
2638 1
2639 11
2640 3
2641 1
2642 9
2643 14
2644 3
2645 2
2646 1
2647 2
2648 13
2649 8
2650 3
2651 1
2652 5
2653 2
2654 4
2655 3
2656 2
2657 3
2658 12
2659 13
2660 3
2661 13
2662 1
2663 6
2664 3
2665 5
2666 3
2667 12
2668 4
2669 6
2670 4
2671 2
2672 6
2673 11
2674 13
2675 2
2676 8
2677 3
2678 4
2679 2
2680 9
2681 6
2682 2
2683 2
2684 3
2685 2
2686 2
2687 33
2688 42
2689 12
2690 17
2691 14
2692 12
2693 1
2694 5
2695 5
2696 4
2697 3
2698 14
2699 5
2700 5
2701 1
2702 4
2703 3
2704 13
2705 5
2706 1
2707 2
2708 10
2709 1
2710 6
2711 4
2712 5
2713 1
2714 1
2715 7
2716 13
2717 7
2718 1
2719 15
2720 4
2721 2
2722 3
2723 1
2724 2
2725 6
2726 2
2727 15
2728 3
2729 8
2730 2
2731 7
2732 2
2733 6
2734 12
2735 1
2736 1
2737 4
2738 1
2739 4
2740 9
2741 1
2742 5
2743 2
2744 14
2745 1
2746 1
2747 2
2748 9
2749 7
2750 4
2751 1
2752 2
2753 7
2754 2
2755 2
2756 2
2757 3
2758 5
2759 6
2760 19
2761 5
2762 5
2763 2
2764 2
2765 3
2766 2
2767 16
2768 1
2769 3
2770 2
2771 6
2772 4
2773 4
2774 2
2775 6
2776 2
2777 1
2778 9
2779 2
2780 12
2781 1
2782 8
2783 13
2784 4
2785 11
2786 9
2787 6
2788 4
2789 7
2790 7
2791 2
2792 1
2793 4
2794 14
2795 3
2796 2
2797 7
2798 1
2799 8
2800 2
2801 2
2802 2
2803 1
2804 6
2805 1
2806 2
2807 2
2808 2
2809 13
2810 12
2811 4
2812 2
2813 5
2814 6
2815 8
2816 2
2817 4
2818 3
2819 1
2820 2
2821 5
2822 5
2823 4
2824 3
2825 8
2826 10
2827 3
2828 5
2829 8
2830 1
2831 3
2832 2
2833 4
2834 1
2835 1
2836 18
2837 5
2838 3
2839 2
2840 6
2841 2
2842 4
2843 1
2844 2
2845 1
2846 3
2847 1
2848 1
2849 4
2850 14
2851 13
2852 1
2853 17
2854 8
2855 1
2856 6
2857 2
2858 4
2859 2
2860 17
2861 1
2862 7
2863 12
2864 1
2865 2
2866 2
2867 6
2868 17
2869 1
2870 4
2871 7
2872 1
2873 1
2874 4
2875 1
2876 16
2877 4
2878 2
2879 2
2880 4
2881 4
2882 1
2883 2
2884 2
2885 8
2886 2
2887 2
2888 10
2889 3
2890 8
2891 3
2892 4
2893 2
2894 2
2895 2
2896 8
2897 1
2898 1
2899 2
2900 2
2901 6
2902 4
2903 5
2904 2
2905 2
2906 4
2907 1
2908 5
2909 3
2910 1
2911 1
2912 7
2913 3
2914 22
2915 3
2916 8
2917 11
2918 3
2919 6
2920 3
2921 2
2922 2
2923 1
2924 5
2925 2
2926 13
2927 2
2928 2
2929 3
2930 12
2931 3
2932 2
2933 10
2934 1
2935 4
2936 4
2937 1
2938 3
2939 7
2940 8
2941 2
2942 2
2943 16
2944 2
2945 6
2946 3
2947 1
2948 5
2949 6
2950 4
2951 6
2952 2
2953 10
2954 8
2955 3
2956 1
2957 1
2958 4
2959 8
2960 4
2961 5
2962 1
2963 1
2964 4
2965 5
2966 6
2967 2
2968 1
2969 1
2970 9
2971 3
2972 1
2973 2
2974 8
2975 15
2976 7
2977 1
2978 1
2979 12
2980 2
2981 3
2982 17
2983 6
2984 13
2985 13
2986 4
2987 8
2988 16
2989 12
2990 1
2991 1
2992 9
2993 2
2994 1
2995 5
2996 12
2997 2
2998 1
2999 3
3000 13
3001 5
3002 1
3003 2
3004 7
3005 1
3006 11
3007 1
3008 17
3009 3
3010 1
3011 5
3012 6
3013 4
3014 5
3015 3
3016 4
3017 2
3018 2
3019 10
3020 5
3021 3
3022 3
3023 2
3024 11
3025 1
3026 6
3027 4
3028 4
3029 1
3030 10
3031 1
3032 7
3033 11
3034 12
3035 1
3036 2
3037 3
3038 1
3039 12
3040 4
3041 2
3042 3
3043 2
3044 2
3045 5
3046 2
3047 8
3048 2
3049 10
3050 9
3051 6
3052 9
3053 3
3054 2
3055 1
3056 10
3057 2
3058 14
3059 22
3060 9
3061 2
3062 6
3063 8
3064 2
3065 10
3066 15
3067 2
3068 1
3069 10
3070 5
3071 1
3072 3
3073 4
3074 15
3075 6
3076 2
3077 12
3078 11
3079 7
3080 3
3081 9
3082 13
3083 11
3084 2
3085 1
3086 2
3087 12
3088 4
3089 2
3090 6
3091 9
3092 10
3093 8
3094 4
3095 5
3096 6
3097 11
3098 1
3099 11
3100 2
3101 9
3102 9
3103 1
3104 13
3105 2
3106 4
3107 1
3108 6
3109 2
3110 1
3111 16
3112 12
3113 1
3114 2
3115 7
3116 20
3117 2
3118 4
3119 1
3120 2
3121 1
3122 11
3123 1
3124 3
3125 2
3126 7
3127 18
3128 2
3129 1
3130 2
3131 8
3132 3
3133 1
3134 8
3135 2
3136 2
3137 5
3138 4
3139 3
3140 3
3141 1
3142 12
3143 13
3144 12
3145 1
3146 4
3147 6
3148 16
3149 1
3150 1
3151 7
3152 3
3153 2
3154 4
3155 3
3156 11
3157 5
3158 4
3159 6
3160 1
3161 1
3162 1
3163 23
3164 17
3165 5
3166 1
3167 6
3168 2
3169 5
3170 1
3171 14
3172 1
3173 5
3174 12
3175 8
3176 5
3177 2
3178 3
3179 4
3180 10
3181 2
3182 2
3183 2
3184 2
3185 1
3186 1
3187 1
3188 13
3189 11
3190 1
3191 4
3192 1
3193 2
3194 9
3195 10
3196 5
3197 5
3198 4
3199 3
3200 9
3201 10
3202 5
3203 2
3204 13
3205 4
3206 4
3207 1
3208 2
3209 3
3210 12
3211 5
3212 1
3213 4
3214 3
3215 1
3216 2
3217 2
3218 5
3219 2
3220 6
3221 1
3222 3
3223 4
3224 2
3225 4
3226 2
3227 5
3228 9
3229 12
3230 1
3231 1
3232 1
3233 2
3234 3
3235 1
3236 3
3237 1
3238 1
3239 2
3240 2
3241 1
3242 1
3243 10
3244 3
3245 3
3246 5
3247 4
3248 1
3249 1
3250 2
3251 10
3252 6
3253 3
3254 1
3255 4
3256 3
3257 3
3258 6
3259 9
3260 14
3261 11
3262 1
3263 4
3264 14
3265 3
3266 1
3267 2
3268 10
3269 11
3270 9
3271 5
3272 5
3273 12
3274 23
3275 2
3276 3
3277 11
3278 3
3279 9
3280 2
3281 3
3282 12
3283 9
3284 3
3285 2
3286 2
3287 3
3288 3
3289 3
3290 14
3291 4
3292 5
3293 2
3294 6
3295 1
3296 2
3297 15
3298 2
3299 1
3300 23
3301 5
3302 5
3303 3
3304 5
3305 2
3306 1
3307 5
3308 3
3309 1
3310 9
3311 3
3312 1
3313 1
3314 10
3315 12
3316 2
3317 6
3318 1
3319 2
3320 6
3321 1
3322 6
3323 1
3324 4
3325 3
3326 2
3327 12
3328 15
3329 13
3330 2
3331 7
3332 3
3333 10
3334 9
3335 2
3336 12
3337 2
3338 5
3339 2
3340 8
3341 15
3342 1
3343 9
3344 3
3345 2
3346 2
3347 2
3348 4
3349 2
3350 2
3351 12
3352 3
3353 3
3354 12
3355 13
3356 4
3357 1
3358 8
3359 3
3360 2
3361 5
3362 2
3363 2
3364 11
3365 9
3366 2
3367 5
3368 7
3369 3
3370 2
3371 3
3372 4
3373 9
3374 6
3375 4
3376 4
3377 3
3378 2
3379 8
3380 8
3381 9
3382 10
3383 1
3384 1
3385 1
3386 1
3387 1
3388 8
3389 4
3390 2
3391 6
3392 1
3393 5
3394 3
3395 13
3396 3
3397 3
3398 1
3399 2
3400 2
3401 1
3402 11
3403 10
3404 3
3405 2
3406 7
3407 14
3408 1
3409 2
3410 2
3411 2
3412 2
3413 3
3414 4
3415 2
3416 11
3417 2
3418 8
3419 6
3420 1
3421 11
3422 11
3423 11
3424 4
3425 13
3426 12
3427 15
3428 8
3429 5
3430 6
3431 2
3432 1
3433 2
3434 6
3435 10
3436 17
3437 8
3438 13
3439 14
3440 3
3441 11
3442 9
3443 1
3444 8
3445 5
3446 2
3447 3
3448 3
3449 2
3450 3
3451 5
3452 2
3453 8
3454 2
3455 9
3456 6
3457 6
3458 5
3459 2
3460 4
3461 1
3462 9
3463 2
3464 1
3465 2
3466 5
3467 7
3468 8
3469 2
3470 1
3471 3
3472 6
3473 2
3474 24
3475 3
3476 1
3477 2
3478 1
3479 2
3480 1
3481 1
3482 1
3483 2
3484 19
3485 16
3486 10
3487 1
3488 1
3489 9
3490 4
3491 4
3492 3
3493 3
3494 2
3495 13
3496 5
3497 1
3498 7
3499 16
3500 5
3501 1
3502 5
3503 12
3504 1
3505 3
3506 17
3507 3
3508 2
3509 3
3510 3
3511 3
3512 6
3513 1
3514 9
3515 2
3516 7
3517 3
3518 1
3519 13
3520 1
3521 2
3522 3
3523 2
3524 2
3525 2
3526 2
3527 2
3528 4
3529 5
3530 3
3531 3
3532 3
3533 3
3534 1
3535 3
3536 5
3537 1
3538 2
3539 9
3540 3
3541 3
3542 2
3543 3
3544 1
3545 6
3546 3
3547 3
3548 3
3549 3
3550 7
3551 3
3552 1
3553 12
3554 5
3555 3
3556 2
3557 1
3558 3
3559 10
3560 2
3561 2
3562 2
3563 6
3564 8
3565 4
3566 12
3567 16
3568 13
3569 6
3570 3
3571 1
3572 4
3573 12
3574 1
3575 2
3576 1
3577 3
3578 5
3579 3
3580 9
3581 4
3582 6
3583 9
3584 2
3585 1
3586 4
3587 7
3588 6
3589 2
3590 10
3591 2
3592 3
3593 1
3594 3
3595 1
3596 5
3597 10
3598 6
3599 2
3600 2
3601 3
3602 5
3603 13
3604 1
3605 2
3606 2
3607 3
3608 7
3609 2
3610 3
3611 2
3612 2
3613 1
3614 14
3615 1
3616 9
3617 4
3618 17
3619 1
3620 14
3621 16
3622 4
3623 9
3624 6
3625 10
3626 2
3627 2
3628 3
3629 1
3630 15
3631 4
3632 7
3633 2
3634 12
3635 4
3636 5
3637 9
3638 3
3639 1
3640 3
3641 1
3642 3
3643 2
3644 2
3645 9
3646 14
3647 2
3648 2
3649 10
3650 6
3651 4
3652 3
3653 15
3654 16
3655 7
3656 3
3657 3
3658 3
3659 7
3660 10
3661 6
3662 1
3663 3
3664 1
3665 2
3666 2
3667 7
3668 2
3669 1
3670 5
3671 1
3672 5
3673 8
3674 1
3675 1
3676 4
3677 9
3678 1
3679 2
3680 8
3681 13
3682 2
3683 13
3684 2
3685 2
3686 2
3687 11
3688 9
3689 7
3690 2
3691 2
3692 2
3693 3
3694 1
3695 10
3696 2
3697 1
3698 3
3699 1
3700 4
3701 2
3702 2
3703 5
3704 2
3705 11
3706 7
3707 3
3708 2
3709 4
3710 2
3711 11
3712 3
3713 1
3714 1
3715 11
3716 5
3717 4
3718 7
3719 2
3720 4
3721 9
3722 3
3723 2
3724 2
3725 3
3726 17
3727 5
3728 10
3729 8
3730 2
3731 3
3732 10
3733 2
3734 1
3735 6
3736 3
3737 1
3738 1
3739 7
3740 2
3741 1
3742 1
3743 7
3744 5
3745 10
3746 3
3747 1
3748 3
3749 3
3750 2
3751 2
3752 4
3753 2
3754 6
3755 7
3756 3
3757 9
3758 5
3759 2
3760 8
3761 3
3762 3
3763 3
3764 1
3765 8
3766 2
3767 4
3768 4
3769 16
3770 2
3771 1
3772 2
3773 2
3774 2
3775 14
3776 1
3777 6
3778 4
3779 3
3780 9
3781 3
3782 2
3783 4
3784 8
3785 9
3786 2
3787 5
3788 2
3789 12
3790 10
3791 34
3792 4
3793 6
3794 3
3795 10
3796 1
3797 2
3798 8
3799 11
3800 2
3801 1
3802 3
3803 3
3804 2
3805 2
3806 4
3807 3
3808 4
3809 12
3810 10
3811 1
3812 1
3813 2
3814 15
3815 4
3816 6
3817 3
3818 2
3819 1
3820 1
3821 2
3822 3
3823 6
3824 5
3825 2
3826 7
3827 8
3828 6
3829 2
3830 2
3831 2
3832 4
3833 1
3834 6
3835 2
3836 7
3837 5
3838 10
3839 3
3840 7
3841 6
3842 5
3843 10
3844 12
3845 5
3846 4
3847 9
3848 18
3849 1
3850 2
3851 2
3852 2
3853 3
3854 4
3855 17
3856 2
3857 13
3858 4
3859 2
3860 12
3861 2
3862 1
3863 3
3864 2
3865 2
3866 8
3867 9
3868 14
3869 1
3870 6
3871 4
3872 2
3873 4
3874 2
3875 2
3876 8
3877 4
3878 15
3879 13
3880 9
3881 7
3882 2
3883 7
3884 2
3885 2
3886 2
3887 8
3888 2
3889 5
3890 1
3891 13
3892 3
3893 2
3894 9
3895 9
3896 1
3897 12
3898 8
3899 3
3900 4
3901 2
3902 7
3903 12
3904 2
3905 7
3906 9
3907 8
3908 1
3909 9
3910 12
3911 1
3912 16
3913 11
3914 10
3915 2
3916 2
3917 3
3918 2
3919 14
3920 1
3921 8
3922 1
3923 17
3924 3
3925 7
3926 6
3927 5
3928 1
3929 6
3930 13
3931 1
3932 10
3933 4
3934 2
3935 1
3936 4
3937 2
3938 3
3939 3
3940 3
3941 1
3942 16
3943 7
3944 5
3945 1
3946 1
3947 12
3948 2
3949 1
3950 1
3951 2
3952 5
3953 14
3954 6
3955 7
3956 1
3957 11
3958 3
3959 2
3960 3
3961 33
3962 2
3963 8
3964 6
3965 2
3966 2
3967 16
3968 2
3969 12
3970 2
3971 3
3972 2
3973 2
3974 2
3975 10
3976 5
3977 8
3978 4
3979 2
3980 3
3981 5
3982 5
3983 4
3984 7
3985 2
3986 6
3987 10
3988 2
3989 6
3990 2
3991 6
3992 1
3993 3
3994 12
3995 5
3996 2
3997 9
3998 1
3999 9
4000 3
4001 2
4002 8
4003 7
4004 1
4005 2
4006 4
4007 1
4008 4
4009 2
4010 8
4011 4
4012 1
4013 1
4014 3
4015 11
4016 12
4017 4
4018 4
4019 6
4020 3
4021 4
4022 3
4023 3
4024 2
4025 6
4026 6
4027 1
4028 1
4029 1
4030 15
4031 4
4032 3
4033 6
4034 7
4035 2
4036 21
4037 1
4038 1
4039 5
4040 5
4041 3
4042 2
4043 15
4044 3
4045 1
4046 14
4047 17
4048 2
4049 8
4050 2
4051 1
4052 10
4053 1
4054 2
4055 1
4056 1
4057 6
4058 2
4059 5
4060 1
4061 11
4062 1
4063 2
4064 2
4065 9
4066 10
4067 8
4068 1
4069 1
4070 2
4071 1
4072 10
4073 5
4074 12
4075 2
4076 4
4077 4
4078 13
4079 14
4080 1
4081 11
4082 2
4083 2
4084 4
4085 3
4086 2
4087 4
4088 7
4089 5
4090 12
4091 11
4092 8
4093 7
4094 12
4095 14
4096 8
4097 1
4098 1
4099 6
4100 2
4101 6
4102 1
4103 3
4104 14
4105 2
4106 5
4107 4
4108 3
4109 1
4110 4
4111 3
4112 3
4113 3
4114 12
4115 1
4116 1
4117 1
4118 9
4119 3
4120 18
4121 3
4122 12
4123 3
4124 10
4125 3
4126 9
4127 15
4128 10
4129 3
4130 2
4131 2
4132 2
4133 1
4134 3
4135 1
4136 9
4137 2
4138 11
4139 8
4140 9
4141 5
4142 10
4143 2
4144 8
4145 19
4146 2
4147 1
4148 5
4149 1
4150 8
4151 1
4152 2
4153 1
4154 2
4155 2
4156 3
4157 7
4158 11
4159 3
4160 10
4161 6
4162 11
4163 2
4164 12
4165 13
4166 1
4167 11
4168 6
4169 1
4170 3
4171 8
4172 2
4173 7
4174 5
4175 13
4176 10
4177 1
4178 9
4179 4
4180 11
4181 1
4182 2
4183 1
4184 2
4185 6
4186 3
4187 7
4188 1
4189 1
4190 5
4191 11
4192 2
4193 4
4194 14
4195 6
4196 4
4197 7
4198 10
4199 2
4200 1
4201 7
4202 4
4203 10
4204 8
4205 5
4206 3
4207 1
4208 15
4209 5
4210 3
4211 12
4212 8
4213 9
4214 3
4215 4
4216 1
4217 4
4218 12
4219 3
4220 2
4221 2
4222 2
4223 3
4224 3
4225 7
4226 2
4227 13
4228 4
4229 2
4230 7
4231 3
4232 5
4233 9
4234 2
4235 5
4236 9
4237 2
4238 8
4239 2
4240 2
4241 2
4242 12
4243 5
4244 4
4245 2
4246 2
4247 9
4248 3
4249 1
4250 9
4251 10
4252 1
4253 1
4254 3
4255 4
4256 9
4257 1
4258 1
4259 12
4260 5
4261 3
4262 3
4263 2
4264 1
4265 2
4266 2
4267 2
4268 8
4269 3
4270 6
4271 8
4272 4
4273 1
4274 3
4275 1
4276 4
4277 2
4278 12
4279 12
4280 2
4281 12
4282 10
4283 4
4284 1
4285 4
4286 14
4287 1
4288 11
4289 11
4290 12
4291 2
4292 2
4293 9
4294 3
4295 15
4296 1
4297 16
4298 5
4299 12
4300 13
4301 2
4302 13
4303 6
4304 3
4305 1
4306 1
4307 1
4308 1
4309 10
4310 3
4311 2
4312 2
4313 1
4314 1
4315 14
4316 2
4317 2
4318 9
4319 2
4320 12
4321 10
4322 1
4323 2
4324 1
4325 6
4326 1
4327 2
4328 6
4329 8
4330 2
4331 5
4332 5
4333 6
4334 5
4335 2
4336 11
4337 10
4338 12
4339 4
4340 3
4341 14
4342 4
4343 2
4344 1
4345 10
4346 2
4347 5
4348 13
4349 1
4350 4
4351 1
4352 1
4353 14
4354 11
4355 11
4356 4
4357 1
4358 7
4359 2
4360 13
4361 4
4362 1
4363 2
4364 1
4365 2
4366 4
4367 3
4368 3
4369 26
4370 2
4371 4
4372 1
4373 4
4374 2
4375 4
4376 9
4377 1
4378 18
4379 1
4380 1
4381 13
4382 1
4383 13
4384 15
4385 6
4386 7
4387 2
4388 10
4389 4
4390 4
4391 14
4392 12
4393 10
4394 1
4395 6
4396 1
4397 1
4398 2
4399 1
4400 2
4401 1
4402 1
4403 1
4404 3
4405 5
4406 1
4407 4
4408 3
4409 9
4410 4
4411 4
4412 17
4413 13
4414 8
4415 5
4416 1
4417 6
4418 2
4419 1
4420 8
4421 6
4422 4
4423 1
4424 3
4425 7
4426 4
4427 6
4428 28
4429 3
4430 33
4431 6
4432 15
4433 4
4434 1
4435 5
4436 6
4437 1
4438 2
4439 4
4440 3
4441 2
4442 12
4443 3
4444 3
4445 2
4446 2
4447 2
4448 9
4449 17
4450 3
4451 13
4452 6
4453 7
4454 1
4455 10
4456 14
4457 2
4458 1
4459 17
4460 2
4461 1
4462 7
4463 2
4464 2
4465 3
4466 5
4467 9
4468 2
4469 1
4470 4
4471 4
4472 3
4473 10
4474 1
4475 9
4476 8
4477 9
4478 11
4479 6
4480 10
4481 4
4482 2
4483 8
4484 6
4485 12
4486 7
4487 3
4488 11
4489 2
4490 4
4491 9
4492 3
4493 2
4494 1
4495 3
4496 1
4497 1
4498 6
4499 2
4500 4
4501 1
4502 2
4503 1
4504 2
4505 2
4506 2
4507 9
4508 4
4509 3
4510 3
4511 2
4512 1
4513 3
4514 9
4515 2
4516 5
4517 4
4518 6
4519 5
4520 2
4521 9
4522 2
4523 7
4524 11
4525 5
4526 12
4527 4
4528 5
4529 3
4530 1
4531 8
4532 2
4533 7
4534 2
4535 6
4536 1
4537 1
4538 3
4539 9
4540 3
4541 1
4542 1
4543 2
4544 3
4545 1
4546 6
4547 4
4548 2
4549 4
4550 1
4551 2
4552 3
4553 9
4554 8
4555 4
4556 1
4557 1
4558 3
4559 1
4560 4
4561 3
4562 5
4563 7
4564 6
4565 1
4566 11
4567 1
4568 1
4569 1
4570 17
4571 4
4572 4
4573 2
4574 2
4575 1
4576 2
4577 1
4578 3
4579 2
4580 2
4581 2
4582 1
4583 15
4584 6
4585 3
4586 2
4587 1
4588 1
4589 6
4590 8
4591 11
4592 2
4593 1
4594 1
4595 16
4596 6
4597 5
4598 9
4599 2
4600 8
4601 3
4602 1
4603 3
4604 1
4605 9
4606 3
4607 6
4608 3
4609 6
4610 3
4611 2
4612 2
4613 3
4614 5
4615 14
4616 2
4617 4
4618 7
4619 3
4620 5
4621 2
4622 1
4623 3
4624 15
4625 3
4626 3
4627 11
4628 10
4629 2
4630 5
4631 4
4632 3
4633 12
4634 3
4635 5
4636 3
4637 3
4638 3
4639 2
4640 13
4641 2
4642 2
4643 6
4644 2
4645 2
4646 5
4647 4
4648 2
4649 1
4650 2
4651 14
4652 1
4653 4
4654 10
4655 8
4656 3
4657 8
4658 6
4659 9
4660 1
4661 6
4662 6
4663 8
4664 4
4665 2
4666 5
4667 12
4668 2
4669 2
4670 3
4671 2
4672 3
4673 2
4674 2
4675 2
4676 7
4677 7
4678 1
4679 6
4680 2
4681 1
4682 8
4683 1
4684 3
4685 5
4686 9
4687 9
4688 5
4689 11
4690 3
4691 1
4692 4
4693 2
4694 6
4695 12
4696 1
4697 2
4698 9
4699 5
4700 1
4701 2
4702 2
4703 8
4704 1
4705 6
4706 3
4707 2
4708 8
4709 12
4710 3
4711 3
4712 1
4713 2
4714 1
4715 18
4716 10
4717 4
4718 2
4719 2
4720 15
4721 9
4722 1
4723 5
4724 3
4725 5
4726 1
4727 1
4728 3
4729 12
4730 13
4731 4
4732 11
4733 2
4734 3
4735 2
4736 8
4737 2
4738 1
4739 2
4740 3
4741 2
4742 1
4743 3
4744 4
4745 1
4746 15
4747 8
4748 4
4749 4
4750 5
4751 1
4752 2
4753 5
4754 3
4755 7
4756 2
4757 10
4758 7
4759 2
4760 2
4761 3
4762 4
4763 1
4764 1
4765 8
4766 1
4767 16
4768 8
4769 4
4770 2
4771 2
4772 1
4773 2
4774 1
4775 2
4776 1
4777 2
4778 2
4779 2
4780 2
4781 13
4782 2
4783 2
4784 4
4785 1
4786 2
4787 1
4788 3
4789 2
4790 3
4791 2
4792 9
4793 1
4794 4
4795 12
4796 8
4797 2
4798 3
4799 1
4800 2
4801 1
4802 1
4803 3
4804 1
4805 6
4806 12
4807 4
4808 5
4809 1
4810 2
4811 10
4812 1
4813 2
4814 2
4815 3
4816 11
4817 1
4818 2
4819 2
4820 1
4821 8
4822 4
4823 4
4824 2
4825 1
4826 2
4827 2
4828 10
4829 10
4830 2
4831 9
4832 3
4833 1
4834 3
4835 5
4836 5
4837 2
4838 13
4839 12
4840 1
4841 9
4842 1
4843 4
4844 14
4845 1
4846 2
4847 12
4848 9
4849 3
4850 1
4851 1
4852 3
4853 4
4854 3
4855 3
4856 4
4857 2
4858 4
4859 3
4860 2
4861 2
4862 5
4863 3
4864 4
4865 1
4866 2
4867 3
4868 8
4869 1
4870 3
4871 5
4872 2
4873 5
4874 2
4875 1
4876 5
4877 4
4878 2
4879 1
4880 3
4881 16
4882 3
4883 2
4884 2
4885 14
4886 1
4887 12
4888 4
4889 11
4890 2
4891 2
4892 2
4893 4
4894 2
4895 2
4896 2
4897 2
4898 2
4899 5
4900 2
4901 11
4902 1
4903 3
4904 2
4905 6
4906 3
4907 2
4908 1
4909 4
4910 4
4911 1
4912 19
4913 7
4914 2
4915 2
4916 11
4917 6
4918 2
4919 15
4920 1
4921 2
4922 2
4923 6
4924 5
4925 3
4926 1
4927 1
4928 8
4929 9
4930 10
4931 3
4932 1
4933 5
4934 1
4935 1
4936 11
4937 16
4938 1
4939 3
4940 10
4941 10
4942 5
4943 1
4944 9
4945 15
4946 1
4947 6
4948 2
4949 2
4950 1
4951 1
4952 1
4953 6
4954 19
4955 8
4956 2
4957 3
4958 3
4959 4
4960 1
4961 5
4962 15
4963 1
4964 2
4965 7
4966 8
4967 1
4968 3
4969 2
4970 2
4971 3
4972 5
4973 2
4974 5
4975 9
4976 7
4977 1
4978 8
4979 1
4980 1
4981 8
4982 5
4983 2
4984 3
4985 15
4986 8
4987 1
4988 6
4989 2
4990 3
4991 1
4992 1
4993 1
4994 1
4995 10
4996 3
4997 5
4998 1
4999 2
5000 2
5001 1
5002 2
5003 2
5004 4
5005 17
5006 2
5007 2
5008 5
5009 5
5010 13
5011 3
5012 1
5013 5
5014 5
5015 1
5016 2
5017 1
5018 5
5019 1
5020 3
5021 2
5022 6
5023 1
5024 2
5025 1
5026 15
5027 7
5028 1
5029 11
5030 5
5031 1
5032 2
5033 1
5034 3
5035 5
5036 5
5037 7
5038 2
5039 1
5040 1
5041 4
5042 12
5043 13
5044 2
5045 13
5046 3
5047 2
5048 14
5049 8
5050 2
5051 1
5052 12
5053 8
5054 3
5055 3
5056 13
5057 10
5058 3
5059 9
5060 3
5061 2
5062 1
5063 2
5064 1
5065 1
5066 7
5067 13
5068 7
5069 1
5070 14
5071 3
5072 2
5073 2
5074 6
5075 2
5076 4
5077 9
5078 1
5079 2
5080 2
5081 1
5082 5
5083 2
5084 8
5085 4
5086 5
5087 11
5088 9
5089 12
5090 4
5091 6
5092 2
5093 1
5094 18
5095 1
5096 2
5097 1
5098 16
5099 2
5100 3
5101 2
5102 8
5103 2
5104 5
5105 1
5106 4
5107 2
5108 3
5109 3
5110 7
5111 2
5112 3
5113 9
5114 1
5115 2
5116 2
5117 8
5118 4
5119 4
5120 3
5121 2
5122 11
5123 7
5124 15
5125 11
5126 3
5127 2
5128 2
5129 2
5130 4
5131 2
5132 13
5133 2
5134 8
5135 1
5136 13
5137 2
5138 2
5139 4
5140 18
5141 2
5142 1
5143 12
5144 3
5145 3
5146 10
5147 13
5148 2
5149 10
5150 7
5151 4
5152 2
5153 10
5154 5
5155 1
5156 11
5157 7
5158 3
5159 3
5160 2
5161 1
5162 15
5163 1
5164 6
5165 4
5166 2
5167 11
5168 3
5169 3
5170 14
5171 13
5172 6
5173 1
5174 1
5175 6
5176 5
5177 4
5178 1
5179 1
5180 1
5181 1
5182 1
5183 1
5184 3
5185 2
5186 9
5187 1
5188 11
5189 2
5190 2
5191 5
5192 4
5193 1
5194 5
5195 1
5196 6
5197 6
5198 2
5199 4
5200 2
5201 2
5202 3
5203 1
5204 10
5205 3
5206 2
5207 5
5208 3
5209 4
5210 2
5211 2
5212 2
5213 2
5214 2
5215 1
5216 2
5217 2
5218 4
5219 1
5220 2
5221 11
5222 2
5223 16
5224 3
5225 5
5226 1
5227 11
5228 1
5229 12
5230 1
5231 1
5232 1
5233 3
5234 4
5235 1
5236 2
5237 1
5238 1
5239 2
5240 1
5241 1
5242 1
5243 2
5244 2
5245 2
5246 1
5247 3
5248 1
5249 11
5250 2
5251 4
5252 1
5253 1
5254 10
5255 2
5256 1
5257 1
5258 2
5259 4
5260 2
5261 2
5262 1
5263 1
5264 5
5265 9
5266 1
5267 1
5268 3
5269 1
5270 2
5271 8
5272 8
5273 10
5274 17
5275 2
5276 2
5277 1
5278 1
5279 1
5280 1
5281 7
5282 11
5283 2
5284 8
5285 3
5286 3
5287 1
5288 10
5289 1
5290 2
5291 1
5292 6
5293 1
5294 5
5295 2
5296 2
5297 5
5298 5
5299 1
5300 8
5301 3
5302 12
5303 11
5304 2
5305 1
5306 2
5307 5
5308 1
5309 9
5310 2
5311 3
5312 10
5313 4
5314 1
5315 7
5316 2
5317 10
5318 2
5319 3
5320 13
5321 2
5322 4
5323 1
5324 7
5325 1
5326 13
5327 6
5328 2
5329 14
5330 2
5331 1
5332 1
5333 5
5334 3
5335 7
5336 3
5337 1
5338 7
5339 8
5340 1
5341 2
5342 3
5343 2
5344 10
5345 4
5346 1
5347 3
5348 11
5349 3
5350 5
5351 9
5352 3
5353 2
5354 1
5355 1
5356 2
5357 1
5358 5
5359 1
5360 1
5361 1
5362 1
5363 4
5364 7
5365 1
5366 7
5367 9
5368 2
5369 1
5370 1
5371 6
5372 1
5373 1
5374 6
5375 5
5376 4
5377 9
5378 3
5379 1
5380 1
5381 12
5382 5
5383 3
5384 2
5385 4
5386 5
5387 2
5388 8
5389 3
5390 6
5391 9
5392 8
5393 1
5394 12
5395 1
5396 1
5397 21
5398 15
5399 5
5400 6
5401 8
5402 1
5403 7
5404 1
5405 16
5406 1
5407 7
5408 8
5409 11
5410 13
5411 4
5412 2
5413 1
5414 7
5415 2
5416 3
5417 3
5418 1
5419 1
5420 2
5421 2
5422 10
5423 4
5424 2
5425 3
5426 2
5427 4
5428 1
5429 10
5430 2
5431 1
5432 18
5433 1
5434 2
5435 10
5436 7
5437 1
5438 10
5439 5
5440 3
5441 2
5442 5
5443 2
5444 11
5445 4
5446 1
5447 2
5448 1
5449 1
5450 2
5451 2
5452 2
5453 1
5454 3
5455 1
5456 6
5457 12
5458 3
5459 7
5460 2
5461 6
5462 2
5463 13
5464 3
5465 3
5466 1
5467 3
5468 2
5469 1
5470 1
5471 3
5472 9
5473 7
5474 7
5475 6
5476 4
5477 5
5478 9
5479 4
5480 9
5481 6
5482 5
5483 2
5484 15
5485 3
5486 13
5487 3
5488 1
5489 16
5490 2
5491 5
5492 2
5493 6
5494 1
5495 1
5496 4
5497 1
5498 3
5499 2
5500 14
5501 4
5502 8
5503 2
5504 2
5505 1
5506 3
5507 3
5508 2
5509 1
5510 2
5511 6
5512 2
5513 1
5514 4
5515 3
5516 2
5517 7
5518 1
5519 2
5520 2
5521 2
5522 1
5523 12
5524 1
5525 2
5526 2
5527 9
5528 15
5529 4
5530 4
5531 2
5532 3
5533 6
5534 11
5535 3
5536 3
5537 6
5538 6
5539 6
5540 7
5541 2
5542 3
5543 2
5544 3
5545 12
5546 1
5547 9
5548 7
5549 1
5550 1
5551 6
5552 2
5553 1
5554 5
5555 1
5556 12
5557 1
5558 12
5559 3
5560 3
5561 3
5562 2
5563 2
5564 3
5565 2
5566 1
5567 1
5568 3
5569 1
5570 4
5571 12
5572 17
5573 7
5574 10
5575 3
5576 2
5577 2
5578 1
5579 3
5580 6
5581 1
5582 1
5583 7
5584 5
5585 15
5586 6
5587 3
5588 5
5589 18
5590 5
5591 1
5592 10
5593 6
5594 1
5595 1
5596 1
5597 1
5598 2
5599 6
5600 1
5601 1
5602 4
5603 4
5604 3
5605 1
5606 6
5607 10
5608 10
5609 2
5610 1
5611 9
5612 1
5613 2
5614 2
5615 5
5616 2
5617 1
5618 12
5619 7
5620 11
5621 9
5622 3
5623 3
5624 9
5625 12
5626 2
5627 3
5628 5
5629 1
5630 3
5631 1
5632 1
5633 3
5634 2
5635 2
5636 1
5637 1
5638 2
5639 1
5640 11
5641 1
5642 8
5643 1
5644 1
5645 2
5646 6
5647 4
5648 15
5649 7
5650 2
5651 2
5652 2
5653 2
5654 2
5655 10
5656 6
5657 10
5658 2
5659 6
5660 3
5661 8
5662 4
5663 1
5664 1
5665 16
5666 6
5667 11
5668 7
5669 2
5670 13
5671 5
5672 4
5673 2
5674 3
5675 2
5676 1
5677 4
5678 2
5679 3
5680 4
5681 1
5682 1
5683 1
5684 3
5685 14
5686 2
5687 1
5688 2
5689 1
5690 3
5691 3
5692 2
5693 4
5694 3
5695 4
5696 1
5697 1
5698 1
5699 1
5700 8
5701 6
5702 12
5703 1
5704 2
5705 3
5706 1
5707 4
5708 1
5709 6
5710 4
5711 2
5712 1
5713 2
5714 3
5715 13
5716 5
5717 5
5718 4
5719 5
5720 2
5721 1
5722 13
5723 3
5724 4
5725 3
5726 4
5727 13
5728 1
5729 3
5730 4
5731 9
5732 8
5733 1
5734 2
5735 1
5736 3
5737 3
5738 2
5739 2
5740 20
5741 10
5742 1
5743 1
5744 2
5745 1
5746 2
5747 3
5748 1
5749 8
5750 4
5751 2
5752 2
5753 4
5754 14
5755 12
5756 5
5757 6
5758 8
5759 3
5760 3
5761 4
5762 10
5763 1
5764 2
5765 2
5766 1
5767 2
5768 3
5769 4
5770 1
5771 2
5772 5
5773 6
5774 22
5775 2
5776 2
5777 2
5778 11
5779 12
5780 4
5781 2
5782 1
5783 12
5784 8
5785 1
5786 2
5787 1
5788 9
5789 2
5790 4
5791 7
5792 1
5793 3
5794 1
5795 7
5796 2
5797 12
5798 11
5799 4
5800 1
5801 2
5802 1
5803 8
5804 2
5805 5
5806 6
5807 15
5808 11
5809 2
5810 2
5811 12
5812 2
5813 1
5814 1
5815 10
5816 2
5817 2
5818 1
5819 2
5820 4
5821 1
5822 5
5823 6
5824 3
5825 3
5826 2
5827 1
5828 1
5829 1
5830 3
5831 1
5832 2
5833 8
5834 3
5835 12
5836 13
5837 1
5838 2
5839 1
5840 4
5841 3
5842 2
5843 1
5844 3
5845 1
5846 1
5847 2
5848 11
5849 2
5850 10
5851 3
5852 2
5853 2
5854 5
5855 2
5856 1
5857 8
5858 4
5859 5
5860 8
5861 9
5862 16
5863 3
5864 11
5865 12
5866 1
5867 3
5868 1
5869 11
5870 2
5871 1
5872 2
5873 7
5874 1
5875 1
5876 1
5877 1
5878 4
5879 1
5880 19
5881 2
5882 1
5883 1
5884 2
5885 2
5886 2
5887 1
5888 2
5889 1
5890 1
5891 1
5892 3
5893 3
5894 8
5895 6
5896 1
5897 1
5898 2
5899 3
5900 3
5901 4
5902 3
5903 4
5904 6
5905 2
5906 5
5907 1
5908 3
5909 1
5910 1
5911 4
5912 3
5913 8
5914 5
5915 3
5916 3
5917 2
5918 6
5919 1
5920 2
5921 3
5922 2
5923 2
5924 4
5925 1
5926 3
5927 3
5928 2
5929 1
5930 1
5931 1
5932 8
5933 8
5934 6
5935 13
5936 4
5937 2
5938 2
5939 6
5940 1
5941 13
5942 4
5943 8
5944 3
5945 5
5946 1
5947 2
5948 7
5949 2
5950 1
5951 1
5952 12
5953 3
5954 3
5955 2
5956 1
5957 4
5958 2
5959 2
5960 5
5961 1
5962 2
5963 2
5964 14
5965 11
5966 4
5967 3
5968 8
5969 1
5970 1
5971 7
5972 2
5973 3
5974 10
5975 5
5976 2
5977 2
5978 6
5979 6
5980 4
5981 2
5982 1
5983 2
5984 1
5985 6
5986 4
5987 22
5988 2
5989 4
5990 3
5991 1
5992 1
5993 5
5994 4
5995 5
5996 14
5997 3
5998 2
5999 2
6000 1
6001 8
6002 3
6003 5
6004 4
6005 4
6006 39
6007 15
6008 1
6009 6
6010 10
6011 2
6012 1
6013 7
6014 9
6015 1
6016 12
6017 1
6018 8
6019 2
6020 4
6021 6
6022 2
6023 2
6024 3
6025 1
6026 4
6027 12
6028 4
6029 1
6030 10
6031 5
6032 2
6033 14
6034 10
6035 3
6036 1
6037 2
6038 2
6039 3
6040 3
6041 1
6042 1
6043 1
6044 2
6045 2
6046 3
6047 1
6048 5
6049 2
6050 2
6051 2
6052 3
6053 2
6054 7
6055 9
6056 1
6057 2
6058 1
6059 2
6060 2
6061 2
6062 14
6063 10
6064 3
6065 1
6066 3
6067 13
6068 3
6069 2
6070 11
6071 1
6072 13
6073 9
6074 29
6075 2
6076 3
6077 1
6078 4
6079 1
6080 5
6081 11
6082 7
6083 15
6084 4
6085 3
6086 1
6087 3
6088 2
6089 6
6090 2
6091 11
6092 2
6093 4
6094 2
6095 2
6096 12
6097 2
6098 1
6099 4
6100 3
6101 2
6102 2
6103 3
6104 5
6105 1
6106 3
6107 2
6108 4
6109 6
6110 2
6111 1
6112 3
6113 2
6114 20
6115 2
6116 3
6117 3
6118 4
6119 2
6120 3
6121 1
6122 2
6123 2
6124 1
6125 11
6126 4
6127 2
6128 3
6129 4
6130 2
6131 2
6132 15
6133 2
6134 2
6135 5
6136 2
6137 1
6138 1
6139 1
6140 8
6141 3
6142 1
6143 2
6144 10
6145 12
6146 3
6147 4
6148 3
6149 3
6150 2
6151 2
6152 3
6153 2
6154 4
6155 6
6156 1
6157 2
6158 1
6159 12
6160 1
6161 3
6162 14
6163 2
6164 10
6165 3
6166 5
6167 2
6168 3
6169 3
6170 2
6171 1
6172 2
6173 9
6174 1
6175 3
6176 3
6177 1
6178 5
6179 8
6180 1
6181 2
6182 2
6183 9
6184 2
6185 7
6186 2
6187 7
6188 3
6189 3
6190 3
6191 1
6192 3
6193 2
6194 13
6195 6
6196 7
6197 1
6198 4
6199 3
6200 2
6201 1
6202 3
6203 8
6204 6
6205 3
6206 10
6207 4
6208 3
6209 1
6210 1
6211 3
6212 2
6213 3
6214 2
6215 3
6216 5
6217 2
6218 9
6219 13
6220 3
6221 2
6222 3
6223 2
6224 1
6225 4
6226 8
6227 4
6228 11
6229 2
6230 2
6231 2
6232 3
6233 6
6234 14
6235 2
6236 2
6237 1
6238 1
6239 10
6240 3
6241 3
6242 8
6243 1
6244 16
6245 1
6246 5
6247 4
6248 2
6249 3
6250 7
6251 2
6252 2
6253 2
6254 2
6255 2
6256 6
6257 2
6258 1
6259 2
6260 7
6261 2
6262 2
6263 12
6264 1
6265 14
6266 12
6267 1
6268 1
6269 4
6270 2
6271 10
6272 2
6273 2
6274 11
6275 5
6276 12
6277 11
6278 8
6279 12
6280 3
6281 4
6282 1
6283 1
6284 2
6285 10
6286 7
6287 11
6288 4
6289 2
6290 2
6291 4
6292 2
6293 4
6294 2
6295 3
6296 29
6297 10
6298 1
6299 5
6300 2
6301 1
6302 2
6303 2
6304 15
6305 3
6306 1
6307 13
6308 3
6309 2
6310 1
6311 2
6312 10
6313 4
6314 7
6315 2
6316 1
6317 13
6318 2
6319 1
6320 2
6321 1
6322 2
6323 4
6324 16
6325 2
6326 6
6327 1
6328 3
6329 10
6330 12
6331 6
6332 2
6333 1
6334 1
6335 7
6336 1
6337 4
6338 1
6339 9
6340 4
6341 3
6342 2
6343 2
6344 1
6345 10
6346 15
6347 1
6348 2
6349 3
6350 9
6351 10
6352 7
6353 1
6354 5
6355 1
6356 9
6357 2
6358 12
6359 11
6360 13
6361 1
6362 1
6363 2
6364 11
6365 4
6366 11
6367 5
6368 1
6369 13
6370 5
6371 1
6372 2
6373 7
6374 5
6375 1
6376 1
6377 12
6378 4
6379 3
6380 1
6381 11
6382 10
6383 5
6384 1
6385 2
6386 1
6387 2
6388 4
6389 11
6390 1
6391 3
6392 1
6393 1
6394 2
6395 2
6396 2
6397 1
6398 1
6399 2
6400 7
6401 1
6402 5
6403 5
6404 5
6405 4
6406 1
6407 2
6408 5
6409 6
6410 8
6411 14
6412 3
6413 2
6414 2
6415 20
6416 1
6417 3
6418 5
6419 4
6420 2
6421 2
6422 5
6423 5
6424 2
6425 3
6426 1
6427 7
6428 1
6429 5
6430 12
6431 1
6432 6
6433 3
6434 5
6435 2
6436 1
6437 1
6438 3
6439 1
6440 4
6441 2
6442 2
6443 8
6444 5
6445 3
6446 2
6447 12
6448 1
6449 3
6450 1
6451 1
6452 1
6453 2
6454 2
6455 4
6456 1
6457 2
6458 1
6459 2
6460 1
6461 2
6462 4
6463 3
6464 10
6465 1
6466 2
6467 3
6468 2
6469 2
6470 2
6471 12
6472 3
6473 3
6474 7
6475 3
6476 6
6477 2
6478 3
6479 2
6480 4
6481 4
6482 13
6483 3
6484 9
6485 2
6486 3
6487 2
6488 5
6489 11
6490 8
6491 1
6492 2
6493 5
6494 2
6495 5
6496 18
6497 2
6498 7
6499 5
6500 5
6501 1
6502 7
6503 5
6504 9
6505 1
6506 2
6507 2
6508 1
6509 16
6510 2
6511 1
6512 13
6513 2
6514 2
6515 3
6516 4
6517 7
6518 9
6519 9
6520 1
6521 1
6522 11
6523 2
6524 8
6525 2
6526 3
6527 3
6528 1
6529 3
6530 2
6531 8
6532 4
6533 5
6534 1
6535 11
6536 2
6537 11
6538 5
6539 1
6540 4
6541 2
6542 1
6543 1
6544 12
6545 6
6546 6
6547 6
6548 8
6549 1
6550 4
6551 5
6552 1
6553 2
6554 1
6555 12
6556 1
6557 1
6558 2
6559 1
6560 1
6561 4
6562 6
6563 12
6564 6
6565 1
6566 2
6567 1
6568 5
6569 2
6570 9
6571 3
6572 3
6573 4
6574 3
6575 1
6576 4
6577 9
6578 11
6579 3
6580 2
6581 3
6582 2
6583 12
6584 1
6585 7
6586 3
6587 4
6588 2
6589 2
6590 2
6591 4
6592 2
6593 1
6594 2
6595 13
6596 3
6597 2
6598 1
6599 8
6600 2
6601 3
6602 1
6603 7
6604 6
6605 4
6606 3
6607 2
6608 4
6609 10
6610 3
6611 1
6612 1
6613 6
6614 4
6615 2
6616 12
6617 4
6618 1
6619 14
6620 1
6621 2
6622 3
6623 5
6624 2
6625 2
6626 1
6627 1
6628 5
6629 2
6630 2
6631 1
6632 2
6633 2
6634 1
6635 4
6636 2
6637 6
6638 2
6639 2
6640 7
6641 2
6642 1
6643 5
6644 6
6645 2
6646 1
6647 1
6648 3
6649 2
6650 4
6651 2
6652 2
6653 3
6654 2
6655 1
6656 10
6657 7
6658 3
6659 1
6660 3
6661 15
6662 12
6663 6
6664 3
6665 3
6666 5
6667 2
6668 3
6669 1
6670 4
6671 1
6672 1
6673 3
6674 1
6675 5
6676 2
6677 2
6678 2
6679 10
6680 1
6681 2
6682 2
6683 1
6684 10
6685 2
6686 11
6687 4
6688 1
6689 1
6690 1
6691 1
6692 5
6693 10
6694 1
6695 12
6696 6
6697 1
6698 3
6699 14
6700 2
6701 1
6702 1
6703 3
6704 1
6705 8
6706 2
6707 6
6708 3
6709 1
6710 5
6711 6
6712 2
6713 1
6714 3
6715 1
6716 4
6717 6
6718 3
6719 7
6720 2
6721 2
6722 1
6723 1
6724 2
6725 2
6726 4
6727 9
6728 13
6729 3
6730 1
6731 1
6732 5
6733 1
6734 9
6735 1
6736 1
6737 1
6738 5
6739 10
6740 3
6741 1
6742 2
6743 2
6744 3
6745 13
6746 1
6747 7
6748 1
6749 2
6750 1
6751 5
6752 11
6753 4
6754 1
6755 1
6756 14
6757 4
6758 2
6759 2
6760 8
6761 2
6762 5
6763 1
6764 1
6765 8
6766 2
6767 2
6768 12
6769 8
6770 2
6771 4
6772 1
6773 4
6774 4
6775 11
6776 1
6777 2
6778 1
6779 2
6780 1
6781 3
6782 1
6783 4
6784 2
6785 1
6786 2
6787 3
6788 7
6789 2
6790 3
6791 2
6792 6
6793 1
6794 10
6795 6
6796 2
6797 2
6798 1
6799 2
6800 11
6801 2
6802 2
6803 11
6804 1
6805 1
6806 4
6807 5
6808 2
6809 1
6810 2
6811 1
6812 1
6813 2
6814 10
6815 3
6816 1
6817 10
6818 7
6819 10
6820 6
6821 11
6822 8
6823 2
6824 4
6825 4
6826 6
6827 1
6828 10
6829 3
6830 12
6831 2
6832 2
6833 2
6834 5
6835 2
6836 4
6837 2
6838 2
6839 7
6840 1
6841 2
6842 1
6843 1
6844 3
6845 2
6846 2
6847 1
6848 4
6849 2
6850 12
6851 2
6852 1
6853 2
6854 12
6855 4
6856 1
6857 1
6858 1
6859 2
6860 2
6861 1
6862 2
6863 1
6864 2
6865 1
6866 1
6867 8
6868 1
6869 2
6870 1
6871 1
6872 1
6873 1
6874 6
6875 13
6876 3
6877 1
6878 7
6879 2
6880 1
6881 2
6882 1
6883 8
6884 2
6885 2
6886 2
6887 10
6888 3
6889 2
6890 1
6891 1
6892 1
6893 1
6894 2
6895 3
6896 3
6897 3
6898 1
6899 5
6900 2
6901 11
6902 9
6903 1
6904 2
6905 4
6906 3
6907 12
6908 6
6909 2
6910 1
6911 1
6912 3
6913 1
6914 2
6915 1
6916 14
6917 10
6918 1
6919 2
6920 1
6921 3
6922 3
6923 1
6924 9
6925 1
6926 14
6927 3
6928 1
6929 3
6930 2
6931 3
6932 2
6933 1
6934 1
6935 1
6936 1
6937 1
6938 5
6939 3
6940 2
6941 14
6942 1
6943 2
6944 3
6945 1
6946 11
6947 11
6948 3
6949 10
6950 2
6951 6
6952 4
6953 3
6954 2
6955 2
6956 8
6957 3
6958 2
6959 1
6960 1
6961 1
6962 2
6963 2
6964 1
6965 2
6966 3
6967 5
6968 2
6969 2
6970 8
6971 3
6972 4
6973 15
6974 2
6975 2
6976 4
6977 2
6978 2
6979 11
6980 1
6981 2
6982 2
6983 12
6984 2
6985 7
6986 2
6987 1
6988 1
6989 1
6990 2
6991 10
6992 2
6993 3
6994 2
6995 11
6996 1
6997 1
6998 1
6999 2
7000 4
7001 2
7002 1
7003 2
7004 2
7005 3
7006 2
7007 2
7008 1
7009 1
7010 1
7011 7
7012 4
7013 1
7014 3
7015 4
7016 7
7017 2
7018 1
7019 2
7020 1
7021 2
7022 1
7023 2
7024 9
7025 1
7026 1
7027 1
7028 2
7029 4
7030 3
7031 6
7032 1
7033 3
7034 4
7035 3
7036 2
7037 1
7038 4
7039 5
7040 2
7041 1
7042 2
7043 8
7044 1
7045 13
7046 3
7047 12
7048 3
7049 5
7050 2
7051 2
7052 1
7053 1
7054 2
7055 12
7056 15
7057 6
7058 3
7059 4
7060 9
7061 11
7062 2
7063 10
7064 11
7065 1
7066 14
7067 2
7068 1
7069 4
7070 2
7071 4
7072 11
7073 2
7074 3
7075 12
7076 9
7077 3
7078 3
7079 7
7080 1
7081 4
7082 1
7083 7
7084 3
7085 2
7086 1
7087 2
7088 1
7089 2
7090 2
7091 3
7092 4
7093 2
7094 2
7095 1
7096 8
7097 3
7098 10
7099 1
7100 3
7101 3
7102 1
7103 10
7104 2
7105 2
7106 1
7107 8
7108 1
7109 2
7110 2
7111 4
7112 3
7113 6
7114 2
7115 9
7116 5
7117 5
7118 2
7119 2
7120 1
7121 2
7122 1
7123 5
7124 9
7125 3
7126 1
7127 2
7128 2
7129 1
7130 2
7131 1
7132 3
7133 9
7134 1
7135 7
7136 2
7137 1
7138 2
7139 2
7140 5
7141 6
7142 2
7143 2
7144 5
7145 2
7146 2
7147 3
7148 2
7149 1
7150 3
7151 6
7152 1
7153 1
7154 6
7155 3
7156 1
7157 3
7158 5
7159 4
7160 2
7161 2
7162 1
7163 4
7164 3
7165 2
7166 3
7167 1
7168 3
7169 4
7170 1
7171 3
7172 2
7173 1
7174 1
7175 3
7176 1
7177 7
7178 10
7179 6
7180 2
7181 1
7182 3
7183 1
7184 1
7185 2
7186 2
7187 6
7188 13
7189 11
7190 1
7191 1
7192 1
7193 1
7194 3
7195 9
7196 2
7197 5
7198 1
7199 7
7200 1
7201 4
7202 2
7203 1
7204 1
7205 2
7206 1
7207 10
7208 3
7209 8
7210 11
7211 12
7212 7
7213 5
7214 6
7215 6
7216 2
7217 15
7218 1
7219 4
7220 4
7221 4
7222 8
7223 1
7224 2
7225 1
7226 4
7227 3
7228 1
7229 5
7230 2
7231 1
7232 3
7233 6
7234 4
7235 2
7236 1
7237 3
7238 5
7239 10
7240 1
7241 2
7242 2
7243 1
7244 2
7245 2
7246 1
7247 1
7248 1
7249 1
7250 5
7251 6
7252 1
7253 4
7254 2
7255 11
7256 6
7257 14
7258 2
7259 1
7260 4
7261 1
7262 2
7263 1
7264 1
7265 2
7266 1
7267 2
7268 3
7269 2
7270 2
7271 2
7272 4
7273 3
7274 2
7275 2
7276 1
7277 7
7278 2
7279 13
7280 1
7281 3
7282 4
7283 2
7284 8
7285 1
7286 8
7287 1
7288 2
7289 3
7290 2
7291 3
7292 2
7293 2
7294 11
7295 1
7296 2
7297 3
7298 1
7299 2
7300 3
7301 1
7302 2
7303 14
7304 2
7305 6
7306 1
7307 5
7308 1
7309 2
7310 1
7311 1
7312 4
7313 2
7314 2
7315 9
7316 5
7317 1
7318 9
7319 1
7320 1
7321 8
7322 1
7323 8
7324 1
7325 1
7326 4
7327 2
7328 3
7329 4
7330 2
7331 3
7332 7
7333 2
7334 10
7335 1
7336 1
7337 1
7338 3
7339 3
7340 2
7341 1
7342 4
7343 2
7344 2
7345 6
7346 13
7347 1
7348 2
7349 4
7350 1
7351 2
7352 3
7353 1
7354 7
7355 1
7356 1
7357 1
7358 1
7359 5
7360 1
7361 6
7362 3
7363 2
7364 7
7365 9
7366 1
7367 1
7368 4
7369 1
7370 2
7371 3
7372 11
7373 3
7374 4
7375 13
7376 3
7377 1
7378 1
7379 4
7380 1
7381 2
7382 2
7383 5
7384 12
7385 2
7386 2
7387 3
7388 2
7389 7
7390 1
7391 10
7392 3
7393 2
7394 2
7395 7
7396 2
7397 6
7398 3
7399 7
7400 1
7401 8
7402 2
7403 1
7404 1
7405 9
7406 4
7407 3
7408 5
7409 4
7410 8
7411 4
7412 11
7413 5
7414 2
7415 7
7416 2
7417 13
7418 8
7419 5
7420 2
7421 9
7422 2
7423 3
7424 5
7425 17
7426 7
7427 2
7428 12
7429 7
7430 3
7431 8
7432 3
7433 11
7434 2
7435 9
7436 7
7437 2
7438 1
7439 1
7440 1
7441 4
7442 4
7443 12
7444 2
7445 1
7446 4
7447 11
7448 2
7449 1
7450 3
7451 9
7452 3
7453 8
7454 1
7455 9
7456 9
7457 2
7458 2
7459 5
7460 1
7461 1
7462 8
7463 6
7464 2
7465 1
7466 5
7467 1
7468 2
7469 3
7470 2
7471 1
7472 4
7473 10
7474 1
7475 1
7476 13
7477 2
7478 1
7479 1
7480 4
7481 2
7482 8
7483 2
7484 2
7485 5
7486 2
7487 1
7488 9
7489 9
7490 1
7491 3
7492 3
7493 3
7494 3
7495 1
7496 1
7497 3
7498 13
7499 2
7500 7
7501 8
7502 3
7503 2
7504 1
7505 2
7506 10
7507 1
7508 2
7509 8
7510 2
7511 10
7512 3
7513 1
7514 4
7515 2
7516 16
7517 6
7518 2
7519 2
7520 2
7521 1
7522 2
7523 9
7524 5
7525 2
7526 2
7527 2
7528 3
7529 1
7530 4
7531 3
7532 2
7533 1
7534 2
7535 4
7536 5
7537 1
7538 4
7539 5
7540 1
7541 1
7542 7
7543 1
7544 1
7545 7
7546 1
7547 1
7548 2
7549 6
7550 11
7551 1
7552 1
7553 11
7554 3
7555 4
7556 5
7557 8
7558 14
7559 5
7560 2
7561 1
7562 3
7563 13
7564 2
7565 9
7566 2
7567 3
7568 1
7569 2
7570 8
7571 1
7572 11
7573 4
7574 1
7575 11
7576 2
7577 14
7578 5
7579 7
7580 1
7581 13
7582 12
7583 1
7584 7
7585 12
7586 3
7587 1
7588 2
7589 2
7590 1
7591 12
7592 3
7593 3
7594 2
7595 6
7596 4
7597 2
7598 8
7599 2
7600 1
7601 2
7602 9
7603 2
7604 1
7605 3
7606 1
7607 5
7608 7
7609 10
7610 1
7611 3
7612 9
7613 3
7614 1
7615 2
7616 1
7617 2
7618 2
7619 2
7620 2
7621 11
7622 2
7623 2
7624 1
7625 2
7626 1
7627 11
7628 1
7629 2
7630 1
7631 7
7632 1
7633 5
7634 2
7635 5
7636 2
7637 4
7638 14
7639 3
7640 1
7641 2
7642 4
7643 1
7644 4
7645 1
7646 3
7647 4
7648 2
7649 7
7650 1
7651 4
7652 2
7653 2
7654 3
7655 3
7656 2
7657 5
7658 1
7659 2
7660 1
7661 2
7662 1
7663 3
7664 2
7665 1
7666 1
7667 1
7668 1
7669 1
7670 1
7671 1
7672 1
7673 2
7674 1
7675 12
7676 2
7677 2
7678 1
7679 2
7680 2
7681 2
7682 1
7683 1
7684 1
7685 4
7686 2
7687 1
7688 1
7689 2
7690 2
7691 1
7692 1
7693 1
7694 2
7695 1
7696 7
7697 2
7698 3
7699 1
7700 1
7701 5
7702 1
7703 1
7704 6
7705 2
7706 2
7707 2
7708 12
7709 4
7710 1
7711 1
7712 14
7713 1
7714 1
7715 11
7716 1
7717 7
7718 12
7719 1
7720 5
7721 1
7722 4
7723 10
7724 12
7725 17
7726 3
7727 8
7728 10
7729 2
7730 3
7731 11
7732 2
7733 3
7734 2
7735 2
7736 2
7737 2
7738 3
7739 3
7740 2
7741 2
7742 1
7743 3
7744 1
7745 2
7746 2
7747 3
7748 4
7749 9
7750 2
7751 1
7752 4
7753 5
7754 10
7755 3
7756 3
7757 10
7758 2
7759 1
7760 2
7761 3
7762 9
7763 1
7764 2
7765 5
7766 8
7767 1
7768 2
7769 3
7770 2
7771 2
7772 1
7773 2
7774 4
7775 1
7776 2
7777 3
7778 1
7779 1
7780 3
7781 3
7782 2
7783 1
7784 3
7785 4
7786 1
7787 11
7788 2
7789 2
7790 7
7791 11
7792 1
7793 8
7794 6
7795 12
7796 2
7797 3
7798 8
7799 5
7800 1
7801 1
7802 3
7803 1
7804 7
7805 1
7806 10
7807 12
7808 2
7809 1
7810 1
7811 9
7812 1
7813 2
7814 1
7815 3
7816 3
7817 1
7818 4
7819 3
7820 14
7821 2
7822 2
7823 1
7824 1
7825 2
7826 3
7827 1
7828 2
7829 1
7830 3
7831 12
7832 2
7833 1
7834 1
7835 2
7836 21
7837 1
7838 14
7839 1
7840 2
7841 2
7842 2
7843 1
7844 1
7845 3
7846 1
7847 12
7848 12
7849 3
7850 5
7851 5
7852 1
7853 1
7854 4
7855 1
7856 2
7857 11
7858 12
7859 4
7860 1
7861 10
7862 4
7863 7
7864 2
7865 6
7866 2
7867 3
7868 1
7869 3
7870 12
7871 1
7872 1
7873 3
7874 2
7875 2
7876 2
7877 12
7878 2
7879 1
7880 6
7881 1
7882 8
7883 3
7884 10
7885 2
7886 1
7887 11
7888 2
7889 2
7890 1
7891 1
7892 13
7893 3
7894 12
7895 1
7896 4
7897 1
7898 1
7899 4
7900 4
7901 2
7902 1
7903 8
7904 5
7905 3
7906 4
7907 1
7908 2
7909 3
7910 4
7911 2
7912 9
7913 3
7914 1
7915 4
7916 2
7917 12
7918 1
7919 4
7920 1
7921 2
7922 2
7923 2
7924 7
7925 1
7926 15
7927 2
7928 3
7929 2
7930 2
7931 3
7932 1
7933 2
7934 1
7935 1
7936 1
7937 1
7938 4
7939 1
7940 2
7941 2
7942 2
7943 2
7944 7
7945 1
7946 4
7947 2
7948 6
7949 2
7950 1
7951 2
7952 1
7953 3
7954 1
7955 1
7956 10
7957 2
7958 13
7959 2
7960 1
7961 2
7962 1
7963 3
7964 4
7965 13
7966 2
7967 1
7968 7
7969 4
7970 2
7971 3
7972 1
7973 2
7974 1
7975 3
7976 3
7977 2
7978 2
7979 2
7980 1
7981 5
7982 4
7983 8
7984 1
7985 5
7986 1
7987 4
7988 2
7989 1
7990 2
7991 2
7992 11
7993 2
7994 1
7995 1
7996 2
7997 13
7998 4
7999 2
8000 2
8001 1
8002 4
8003 2
8004 2
8005 3
8006 2
8007 2
8008 2
8009 1
8010 1
8011 2
8012 1
8013 3
8014 1
8015 1
8016 1
8017 12
8018 8
8019 2
8020 1
8021 2
8022 11
8023 3
8024 3
8025 3
8026 1
8027 2
8028 3
8029 5
8030 2
8031 4
8032 2
8033 3
8034 2
8035 1
8036 4
8037 11
8038 8
8039 2
8040 1
8041 1
8042 10
8043 5
8044 2
8045 3
8046 5
8047 10
8048 11
8049 11
8050 1
8051 7
8052 13
8053 2
8054 1
8055 2
8056 1
8057 13
8058 1
8059 6
8060 4
8061 3
8062 1
8063 1
8064 9
8065 3
8066 6
8067 2
8068 2
8069 2
8070 1
8071 3
8072 2
8073 5
8074 2
8075 6
8076 2
8077 12
8078 1
8079 5
8080 1
8081 17
8082 3
8083 2
8084 1
8085 4
8086 3
8087 1
8088 7
8089 2
8090 4
8091 8
8092 2
8093 4
8094 1
8095 2
8096 1
8097 12
8098 3
8099 3
8100 1
8101 15
8102 4
8103 3
8104 1
8105 1
8106 3
8107 2
8108 1
8109 1
8110 1
8111 1
8112 3
8113 2
8114 2
8115 2
8116 3
8117 3
8118 3
8119 2
8120 2
8121 1
8122 1
8123 9
8124 2
8125 2
8126 1
8127 2
8128 5
8129 1
8130 2
8131 3
8132 1
8133 1
8134 6
8135 2
8136 3
8137 2
8138 3
8139 1
8140 3
8141 3
8142 3
8143 7
8144 10
8145 1
8146 3
8147 12
8148 3
8149 2
8150 1
8151 3
8152 1
8153 7
8154 2
8155 2
8156 3
8157 2
8158 2
8159 1
8160 3
8161 3
8162 4
8163 2
8164 1
8165 1
8166 3
8167 2
8168 11
8169 2
8170 2
8171 10
8172 9
8173 2
8174 2
8175 7
8176 3
8177 1
8178 1
8179 3
8180 6
8181 2
8182 3
8183 10
8184 3
8185 1
8186 2
8187 3
8188 2
8189 3
8190 2
8191 2
8192 5
8193 2
8194 2
8195 1
8196 10
8197 2
8198 2
8199 2
8200 1
8201 16
8202 2
8203 2
8204 1
8205 2
8206 2
8207 7
8208 1
8209 1
8210 3
8211 3
8212 1
8213 3
8214 14
8215 11
8216 1
8217 2
8218 13
8219 3
8220 1
8221 6
8222 4
8223 8
8224 2
8225 2
8226 2
8227 2
8228 1
8229 1
8230 1
8231 9
8232 1
8233 4
8234 2
8235 5
8236 2
8237 4
8238 7
8239 2
8240 3
8241 9
8242 2
8243 1
8244 3
8245 1
8246 2
8247 1
8248 2
8249 12
8250 1
8251 2
8252 2
8253 7
8254 5
8255 5
8256 2
8257 1
8258 2
8259 1
8260 3
8261 2
8262 11
8263 2
8264 2
8265 2
8266 1
8267 2
8268 2
8269 1
8270 2
8271 1
8272 2
8273 2
8274 12
8275 1
8276 2
8277 3
8278 14
8279 2
8280 2
8281 9
8282 2
8283 2
8284 2
8285 5
8286 3
8287 4
8288 4
8289 3
8290 10
8291 5
8292 7
8293 1
8294 4
8295 1
8296 3
8297 5
8298 10
8299 5
8300 1
8301 1
8302 1
8303 2
8304 2
8305 1
8306 7
8307 6
8308 2
8309 6
8310 1
8311 1
8312 4
8313 1
8314 5
8315 5
8316 3
8317 8
8318 1
8319 1
8320 2
8321 2
8322 2
8323 1
8324 7
8325 1
8326 1
8327 1
8328 1
8329 2
8330 2
8331 10
8332 3
8333 1
8334 3
8335 16
8336 2
8337 2
8338 2
8339 1
8340 6
8341 3
8342 2
8343 13
8344 3
8345 1
8346 2
8347 2
8348 1
8349 9
8350 2
8351 1
8352 1
8353 3
8354 8
8355 5
8356 1
8357 2
8358 2
8359 2
8360 1
8361 1
8362 1
8363 2
8364 3
8365 4
8366 2
8367 6
8368 1
8369 2
8370 2
8371 2
8372 2
8373 7
8374 2
8375 2
8376 2
8377 1
8378 1
8379 1
8380 2
8381 1
8382 2
8383 3
8384 2
8385 3
8386 4
8387 8
8388 2
8389 2
8390 10
8391 1
8392 4
8393 1
8394 1
8395 10
8396 1
8397 1
8398 2
8399 7
8400 2
8401 6
8402 2
8403 2
8404 1
8405 2
8406 15
8407 3
8408 5
8409 1
8410 2
8411 2
8412 2
8413 1
8414 11
8415 1
8416 6
8417 2
8418 3
8419 2
8420 9
8421 2
8422 1
8423 1
8424 7
8425 1
8426 2
8427 1
8428 3
8429 13
8430 1
8431 3
8432 2
8433 3
8434 3
8435 1
8436 6
8437 1
8438 7
8439 1
8440 2
8441 9
8442 2
8443 2
8444 4
8445 2
8446 2
8447 7
8448 1
8449 1
8450 2
8451 13
8452 9
8453 6
8454 1
8455 3
8456 1
8457 2
8458 2
8459 1
8460 2
8461 1
8462 11
8463 1
8464 2
8465 4
8466 2
8467 2
8468 10
8469 2
8470 1
8471 6
8472 1
8473 7
8474 1
8475 1
8476 6
8477 7
8478 11
8479 2
8480 9
8481 7
8482 6
8483 3
8484 1
8485 1
8486 1
8487 1
8488 2
8489 3
8490 8
8491 1
8492 2
8493 1
8494 1
8495 3
8496 3
8497 1
8498 2
8499 1
8500 2
8501 1
8502 4
8503 1
8504 2
8505 2
8506 7
8507 13
8508 12
8509 22
8510 11
8511 2
8512 7
8513 1
8514 1
8515 8
8516 1
8517 2
8518 2
8519 2
8520 2
8521 1
8522 3
8523 7
8524 3
8525 2
8526 5
8527 3
8528 1
8529 6
8530 2
8531 1
8532 2
8533 2
8534 1
8535 2
8536 1
8537 13
8538 1
8539 2
8540 1
8541 1
8542 1
8543 2
8544 1
8545 1
8546 3
8547 2
8548 8
8549 2
8550 2
8551 2
8552 2
8553 3
8554 2
8555 3
8556 1
8557 1
8558 11
8559 2
8560 6
8561 2
8562 5
8563 6
8564 3
8565 5
8566 10
8567 5
8568 1
8569 6
8570 2
8571 6
8572 2
8573 2
8574 2
8575 7
8576 9
8577 1
8578 1
8579 4
8580 3
8581 5
8582 1
8583 4
8584 2
8585 2
8586 3
8587 5
8588 2
8589 1
8590 1
8591 2
8592 1
8593 2
8594 3
8595 1
8596 1
8597 3
8598 1
8599 11
8600 1
8601 5
8602 5
8603 1
8604 1
8605 4
8606 2
8607 2
8608 5
8609 2
8610 8
8611 1
8612 6
8613 2
8614 11
8615 16
8616 2
8617 9
8618 2
8619 8
8620 13
8621 1
8622 6
8623 7
8624 1
8625 2
8626 2
8627 5
8628 12
8629 2
8630 3
8631 1
8632 2
8633 3
8634 1
8635 2
8636 6
8637 12
8638 2
8639 1
8640 1
8641 2
8642 2
8643 2
8644 1
8645 4
8646 2
8647 1
8648 2
8649 10
8650 11
8651 10
8652 4
8653 2
8654 4
8655 1
8656 2
8657 1
8658 2
8659 1
8660 1
8661 2
8662 3
8663 1
8664 14
8665 2
8666 1
8667 7
8668 1
8669 1
8670 1
8671 2
8672 2
8673 5
8674 2
8675 2
8676 2
8677 1
8678 1
8679 6
8680 7
8681 4
8682 4
8683 3
8684 2
8685 8
8686 9
8687 2
8688 4
8689 6
8690 2
8691 4
8692 1
8693 14
8694 2
8695 2
8696 5
8697 2
8698 2
8699 1
8700 5
8701 1
8702 2
8703 1
8704 1
8705 4
8706 2
8707 1
8708 1
8709 9
8710 2
8711 13
8712 3
8713 2
8714 8
8715 2
8716 1
8717 8
8718 2
8719 2
8720 3
8721 2
8722 1
8723 1
8724 2
8725 1
8726 1
8727 2
8728 2
8729 1
8730 1
8731 2
8732 4
8733 4
8734 4
8735 4
8736 10
8737 3
8738 2
8739 4
8740 3
8741 1
8742 1
8743 1
8744 9
8745 3
8746 8
8747 2
8748 1
8749 1
8750 3
8751 2
8752 2
8753 2
8754 3
8755 3
8756 3
8757 3
8758 2
8759 2
8760 2
8761 2
8762 2
8763 2
8764 2
8765 3
8766 2
8767 3
8768 3
8769 2
8770 6
8771 1
8772 12
8773 2
8774 1
8775 2
8776 1
8777 1
8778 4
8779 1
8780 1
8781 2
8782 2
8783 9
8784 12
8785 1
8786 3
8787 2
8788 1
8789 2
8790 3
8791 8
8792 1
8793 2
8794 2
8795 2
8796 2
8797 2
8798 2
8799 2
8800 9
8801 3
8802 2
8803 1
8804 2
8805 3
8806 6
8807 3
8808 6
8809 2
8810 9
8811 2
8812 3
8813 1
8814 2
8815 1
8816 9
8817 7
8818 1
8819 3
8820 2
8821 2
8822 2
8823 1
8824 1
8825 9
8826 1
8827 2
8828 1
8829 3
8830 2
8831 1
8832 3
8833 1
8834 1
8835 1
8836 10
8837 2
8838 2
8839 1
8840 2
8841 1
8842 9
8843 3
8844 1
8845 3
8846 3
8847 2
8848 1
8849 3
8850 4
8851 12
8852 1
8853 10
8854 2
8855 3
8856 1
8857 9
8858 1
8859 9
8860 3
8861 11
8862 3
8863 1
8864 1
8865 3
8866 5
8867 6
8868 1
8869 1
8870 2
8871 10
8872 2
8873 9
8874 2
8875 1
8876 3
8877 1
8878 1
8879 2
8880 4
8881 12
8882 2
8883 2
8884 2
8885 1
8886 9
8887 3
8888 3
8889 12
8890 6
8891 3
8892 1
8893 8
8894 1
8895 1
8896 1
8897 2
8898 11
8899 13
8900 1
8901 2
8902 3
8903 1
8904 2
8905 3
8906 10
8907 3
8908 1
8909 2
8910 1
8911 2
8912 2
8913 2
8914 1
8915 11
8916 7
8917 1
8918 13
8919 2
8920 2
8921 2
8922 1
8923 2
8924 1
8925 3
8926 2
8927 2
8928 12
8929 1
8930 2
8931 1
8932 2
8933 1
8934 1
8935 2
8936 1
8937 1
8938 1
8939 5
8940 8
8941 12
8942 10
8943 2
8944 12
8945 3
8946 1
8947 6
8948 16
8949 1
8950 2
8951 6
8952 1
8953 2
8954 1
8955 1
8956 1
8957 2
8958 1
8959 1
8960 1
8961 1
8962 11
8963 2
8964 2
8965 1
8966 1
8967 4
8968 1
8969 2
8970 2
8971 2
8972 2
8973 5
8974 5
8975 4
8976 2
8977 1
8978 1
8979 5
8980 1
8981 3
8982 2
8983 1
8984 2
8985 10
8986 1
8987 14
8988 1
8989 1
8990 3
8991 2
8992 2
8993 2
8994 13
8995 3
8996 1
8997 3
8998 4
8999 1
9000 1
9001 2
9002 2
9003 2
9004 2
9005 1
9006 1
9007 2
9008 1
9009 1
9010 7
9011 2
9012 3
9013 2
9014 2
9015 3
9016 2
9017 1
9018 3
9019 7
9020 6
9021 7
9022 1
9023 12
9024 3
9025 1
9026 1
9027 2
9028 1
9029 3
9030 4
9031 3
9032 2
9033 5
9034 8
9035 5
9036 1
9037 2
9038 2
9039 12
9040 6
9041 10
9042 1
9043 2
9044 1
9045 12
9046 11
9047 2
9048 1
9049 2
9050 5
9051 2
9052 2
9053 6
9054 10
9055 2
9056 1
9057 4
9058 1
9059 1
9060 2
9061 12
9062 2
9063 4
9064 10
9065 5
9066 1
9067 1
9068 2
9069 10
9070 3
9071 3
9072 1
9073 1
9074 4
9075 2
9076 2
9077 2
9078 3
9079 3
9080 1
9081 1
9082 3
9083 7
9084 1
9085 1
9086 5
9087 1
9088 1
9089 2
9090 2
9091 1
9092 2
9093 1
9094 2
9095 1
9096 1
9097 1
9098 7
9099 1
9100 4
9101 2
9102 1
9103 3
9104 1
9105 2
9106 2
9107 1
9108 5
9109 2
9110 3
9111 2
9112 12
9113 2
9114 1
9115 4
9116 13
9117 1
9118 2
9119 1
9120 2
9121 9
9122 1
9123 11
9124 10
9125 1
9126 10
9127 2
9128 1
9129 1
9130 2
9131 4
9132 2
9133 2
9134 1
9135 2
9136 15
9137 1
9138 6
9139 2
9140 13
9141 11
9142 10
9143 3
9144 10
9145 10
9146 8
9147 2
9148 2
9149 1
9150 12
9151 4
9152 2
9153 1
9154 1
9155 2
9156 1
9157 6
9158 4
9159 3
9160 2
9161 11
9162 3
9163 1
9164 2
9165 12
9166 1
9167 1
9168 1
9169 3
9170 1
9171 1
9172 10
9173 7
9174 1
9175 1
9176 11
9177 1
9178 2
9179 13
9180 2
9181 4
9182 3
9183 3
9184 4
9185 4
9186 3
9187 1
9188 4
9189 2
9190 6
9191 4
9192 2
9193 2
9194 2
9195 2
9196 2
9197 1
9198 3
9199 1
9200 3
9201 2
9202 12
9203 7
9204 1
9205 1
9206 2
9207 2
9208 1
9209 1
9210 3
9211 1
9212 1
9213 5
9214 2
9215 12
9216 1
9217 1
9218 1
9219 4
9220 3
9221 2
9222 2
9223 2
9224 1
9225 2
9226 5
9227 5
9228 9
9229 2
9230 9
9231 2
9232 8
9233 6
9234 2
9235 6
9236 3
9237 12
9238 11
9239 2
9240 2
9241 12
9242 1
9243 1
9244 1
9245 5
9246 7
9247 2
9248 1
9249 1
9250 1
9251 3
9252 2
9253 1
9254 11
9255 2
9256 2
9257 5
9258 1
9259 9
9260 11
9261 10
9262 7
9263 1
9264 1
9265 11
9266 2
9267 5
9268 3
9269 2
9270 2
9271 4
9272 8
9273 3
9274 1
9275 1
9276 3
9277 14
9278 3
9279 2
9280 8
9281 6
9282 7
9283 1
9284 1
9285 1
9286 3
9287 1
9288 2
9289 1
9290 5
9291 1
9292 1
9293 8
9294 3
9295 3
9296 1
9297 3
9298 2
9299 3
9300 4
9301 1
9302 2
9303 2
9304 1
9305 10
9306 1
9307 3
9308 8
9309 9
9310 1
9311 2
9312 3
9313 6
9314 2
9315 8
9316 14
9317 1
9318 2
9319 3
9320 8
9321 3
9322 2
9323 6
9324 5
9325 2
9326 11
9327 2
9328 2
9329 2
9330 1
9331 4
9332 1
9333 12
9334 1
9335 2
9336 1
9337 1
9338 2
9339 2
9340 2
9341 3
9342 1
9343 2
9344 1
9345 2
9346 2
9347 5
9348 2
9349 7
9350 3
9351 3
9352 2
9353 2
9354 12
9355 2
9356 1
9357 8
9358 1
9359 2
9360 2
9361 12
9362 10
9363 1
9364 13
9365 11
9366 1
9367 1
9368 3
9369 1
9370 2
9371 2
9372 1
9373 2
9374 2
9375 1
9376 3
9377 1
9378 1
9379 3
9380 9
9381 2
9382 2
9383 2
9384 3
9385 2
9386 1
9387 4
9388 1
9389 2
9390 2
9391 3
9392 3
9393 6
9394 1
9395 7
9396 10
9397 3
9398 3
9399 12
9400 2
9401 7
9402 3
9403 3
9404 3
9405 4
9406 1
9407 12
9408 2
9409 2
9410 1
9411 4
9412 3
9413 8
9414 1
9415 2
9416 2
9417 8
9418 1
9419 1
9420 2
9421 2
9422 1
9423 3
9424 1
9425 2
9426 6
9427 1
9428 6
9429 1
9430 2
9431 1
9432 5
9433 1
9434 1
9435 7
9436 2
9437 3
9438 2
9439 3
9440 1
9441 3
9442 5
9443 13
9444 5
9445 2
9446 3
9447 1
9448 1
9449 2
9450 1
9451 2
9452 4
9453 1
9454 4
9455 1
9456 2
9457 4
9458 3
9459 3
9460 1
9461 2
9462 1
9463 7
9464 1
9465 4
9466 3
9467 1
9468 2
9469 2
9470 2
9471 3
9472 2
9473 2
9474 4
9475 10
9476 2
9477 7
9478 7
9479 1
9480 5
9481 4
9482 2
9483 1
9484 1
9485 1
9486 1
9487 1
9488 2
9489 3
9490 16
9491 3
9492 5
9493 2
9494 11
9495 2
9496 1
9497 1
9498 1
9499 1
9500 5
9501 2
9502 1
9503 2
9504 1
9505 3
9506 5
9507 8
9508 2
9509 1
9510 5
9511 1
9512 3
9513 2
9514 1
9515 1
9516 1
9517 2
9518 3
9519 4
9520 1
9521 4
9522 3
9523 2
9524 14
9525 2
9526 10
9527 2
9528 2
9529 5
9530 1
9531 2
9532 2
9533 4
9534 10
9535 1
9536 3
9537 3
9538 9
9539 3
9540 1
9541 3
9542 2
9543 1
9544 3
9545 9
9546 4
9547 1
9548 2
9549 4
9550 7
9551 3
9552 3
9553 5
9554 3
9555 1
9556 10
9557 1
9558 3
9559 2
9560 2
9561 2
9562 1
9563 2
9564 1
9565 7
9566 6
9567 7
9568 13
9569 3
9570 2
9571 3
9572 1
9573 1
9574 3
9575 2
9576 1
9577 10
9578 1
9579 14
9580 9
9581 1
9582 1
9583 1
9584 5
9585 1
9586 4
9587 2
9588 14
9589 8
9590 3
9591 2
9592 1
9593 6
9594 2
9595 5
9596 1
9597 2
9598 2
9599 1
9600 1
9601 12
9602 1
9603 1
9604 1
9605 3
9606 1
9607 1
9608 7
9609 10
9610 2
9611 1
9612 1
9613 2
9614 4
9615 2
9616 1
9617 1
9618 2
9619 1
9620 1
9621 1
9622 1
9623 10
9624 2
9625 8
9626 3
9627 7
9628 1
9629 1
9630 1
9631 3
9632 2
9633 1
9634 3
9635 3
9636 4
9637 2
9638 1
9639 1
9640 11
9641 4
9642 3
9643 1
9644 12
9645 8
9646 4
9647 1
9648 3
9649 11
9650 1
9651 2
9652 2
9653 3
9654 6
9655 1
9656 1
9657 1
9658 1
9659 1
9660 2
9661 1
9662 9
9663 1
9664 1
9665 1
9666 1
9667 2
9668 1
9669 1
9670 10
9671 2
9672 1
9673 1
9674 1
9675 7
9676 2
9677 2
9678 1
9679 11
9680 3
9681 4
9682 2
9683 4
9684 2
9685 3
9686 1
9687 3
9688 12
9689 4
9690 1
9691 1
9692 1
9693 5
9694 2
9695 11
9696 2
9697 2
9698 10
9699 1
9700 2
9701 3
9702 2
9703 1
9704 1
9705 2
9706 1
9707 5
9708 8
9709 1
9710 11
9711 12
9712 3
9713 1
9714 1
9715 1
9716 3
9717 10
9718 2
9719 1
9720 4
9721 1
9722 2
9723 8
9724 2
9725 3
9726 1
9727 1
9728 1
9729 2
9730 1
9731 1
9732 2
9733 6
9734 12
9735 2
9736 2
9737 1
9738 1
9739 6
9740 2
9741 2
9742 8
9743 5
9744 3
9745 2
9746 4
9747 2
9748 3
9749 2
9750 1
9751 2
9752 1
9753 2
9754 1
9755 1
9756 1
9757 2
9758 1
9759 6
9760 2
9761 1
9762 2
9763 1
9764 10
9765 1
9766 12
9767 7
9768 1
9769 1
9770 5
9771 2
9772 10
9773 1
9774 10
9775 1
9776 1
9777 3
9778 1
9779 2
9780 2
9781 2
9782 2
9783 1
9784 2
9785 8
9786 11
9787 2
9788 3
9789 1
9790 2
9791 1
9792 1
9793 9
9794 2
9795 2
9796 1
9797 4
9798 1
9799 4
9800 2
9801 1
9802 4
9803 1
9804 1
9805 3
9806 1
9807 2
9808 2
9809 7
9810 3
9811 1
9812 4
9813 5
9814 1
9815 2
9816 1
9817 1
9818 1
9819 1
9820 2
9821 7
9822 10
9823 2
9824 2
9825 2
9826 5
9827 4
9828 1
9829 13
9830 4
9831 3
9832 9
9833 1
9834 1
9835 1
9836 3
9837 1
9838 3
9839 7
9840 1
9841 2
9842 9
9843 4
9844 4
9845 1
9846 2
9847 1
9848 1
9849 1
9850 11
9851 1
9852 6
9853 1
9854 10
9855 4
9856 1
9857 3
9858 2
9859 2
9860 2
9861 1
9862 9
9863 6
9864 6
9865 1
9866 1
9867 1
9868 4
9869 3
9870 9
9871 1
9872 4
9873 3
9874 3
9875 3
9876 10
9877 2
9878 2
9879 11
9880 7
9881 7
9882 1
9883 10
9884 3
9885 1
9886 3
9887 3
9888 1
9889 2
9890 6
9891 1
9892 5
9893 1
9894 9
9895 4
9896 2
9897 10
9898 1
9899 1
9900 4
9901 10
9902 10
9903 1
9904 3
9905 3
9906 4
9907 1
9908 1
9909 1
9910 12
9911 7
9912 2
9913 2
9914 1
9915 4
9916 2
9917 3
9918 12
9919 2
9920 12
9921 8
9922 1
9923 3
9924 2
9925 2
9926 1
9927 1
9928 3
9929 1
9930 1
9931 2
9932 1
9933 2
9934 1
9935 1
9936 3
9937 2
9938 2
9939 3
9940 12
9941 4
9942 2
9943 2
9944 1
9945 3
9946 2
9947 1
9948 3
9949 2
9950 1
9951 1
9952 1
9953 1
9954 1
9955 3
9956 6
9957 1
9958 9
9959 3
9960 7
9961 6
9962 1
9963 2
9964 1
9965 2
9966 2
9967 3
9968 2
9969 4
9970 1
9971 1
9972 3
9973 2
9974 2
9975 2
9976 1
9977 3
9978 12
9979 1
9980 2
9981 2
9982 2
9983 11
9984 4
9985 2
9986 6
9987 2
9988 11
9989 12
9990 2
9991 9
9992 2
9993 10
9994 6
9995 9
9996 1
9997 2
9998 2
9999 3
10000 2
10001 2
10002 6
10003 1
10004 11
10005 4
10006 2
10007 13
10008 7
10009 1
10010 11
10011 2
10012 2
10013 2
10014 11
10015 3
10016 1
10017 9
10018 6
10019 14
10020 6
10021 8
10022 1
10023 4
10024 1
10025 3
10026 2
10027 2
10028 9
10029 4
10030 2
10031 5
10032 10
10033 3
10034 2
10035 4
10036 1
10037 1
10038 1
10039 5
10040 1
10041 1
10042 1
10043 1
10044 1
10045 10
10046 3
10047 2
10048 11
10049 2
10050 5
10051 7
10052 1
10053 2
10054 8
10055 1
10056 2
10057 2
10058 4
10059 2
10060 5
10061 11
10062 11
10063 1
10064 2
10065 1
10066 2
10067 7
10068 2
10069 12
10070 1
10071 1
10072 7
10073 2
10074 2
10075 1
10076 4
10077 11
10078 6
10079 7
10080 4
10081 10
10082 2
10083 2
10084 2
10085 14
10086 1
10087 2
10088 1
10089 2
10090 5
10091 12
10092 2
10093 2
10094 1
10095 5
10096 1
10097 2
10098 1
10099 9
10100 3
10101 3
10102 3
10103 1
10104 5
10105 1
10106 1
10107 8
10108 3
10109 2
10110 1
10111 1
10112 1
10113 6
10114 4
10115 2
10116 1
10117 3
10118 9
10119 2
10120 2
10121 2
10122 3
10123 3
10124 1
10125 2
10126 2
10127 11
10128 12
10129 13
10130 3
10131 2
10132 10
10133 5
10134 2
10135 3
10136 4
10137 1
10138 10
10139 7
10140 3
10141 3
10142 2
10143 6
10144 4
10145 2
10146 7
10147 1
10148 6
10149 6
10150 2
10151 2
10152 17
10153 1
10154 4
10155 2
10156 12
10157 1
10158 2
10159 2
10160 8
10161 1
10162 2
10163 1
10164 2
10165 1
10166 1
10167 2
10168 1
10169 5
10170 6
10171 8
10172 2
10173 1
10174 1
10175 1
10176 2
10177 1
10178 7
10179 6
10180 11
10181 8
10182 5
10183 2
10184 1
10185 1
10186 3
10187 2
10188 3
10189 9
10190 1
10191 2
10192 1
10193 1
10194 1
10195 2
10196 1
10197 3
10198 1
10199 1
10200 1
10201 1
10202 1
10203 2
10204 1
10205 2
10206 2
10207 2
10208 2
10209 2
10210 10
10211 1
10212 1
10213 2
10214 5
10215 1
10216 1
10217 1
10218 1
10219 1
10220 2
10221 2
10222 3
10223 1
10224 10
10225 2
10226 3
10227 8
10228 4
10229 2
10230 2
10231 3
10232 2
10233 3
10234 9
10235 1
10236 3
10237 1
10238 10
10239 1
10240 5
10241 12
10242 11
10243 5
10244 1
10245 3
10246 5
10247 9
10248 4
10249 4
10250 1
10251 4
10252 3
10253 1
10254 2
10255 2
10256 2
10257 2
10258 6
10259 5
10260 2
10261 2
10262 2
10263 1
10264 2
10265 4
10266 2
10267 1
10268 5
10269 5
10270 10
10271 1
10272 1
10273 1
10274 1
10275 1
10276 10
10277 9
10278 4
10279 2
10280 1
10281 1
10282 11
10283 3
10284 4
10285 4
10286 3
10287 4
10288 11
10289 2
10290 1
10291 11
10292 2
10293 10
10294 10
10295 1
10296 2
10297 1
10298 10
10299 9
10300 2
10301 1
10302 2
10303 6
10304 1
10305 12
10306 2
10307 2
10308 1
10309 2
10310 2
10311 2
10312 1
10313 2
10314 1
10315 1
10316 1
10317 1
10318 3
10319 1
10320 9
10321 3
10322 2
10323 1
10324 2
10325 2
10326 3
10327 4
10328 2
10329 1
10330 4
10331 2
10332 12
10333 2
10334 1
10335 1
10336 1
10337 1
10338 1
10339 1
10340 3
10341 3
10342 1
10343 11
10344 2
10345 1
10346 2
10347 3
10348 1
10349 3
10350 2
10351 6
10352 3
10353 8
10354 1
10355 2
10356 2
10357 7
10358 11
10359 10
10360 4
10361 6
10362 5
10363 1
10364 1
10365 1
10366 7
10367 2
10368 2
10369 1
10370 2
10371 1
10372 1
10373 8
10374 3
10375 3
10376 6
10377 2
10378 2
10379 3
10380 3
10381 1
10382 2
10383 7
10384 2
10385 1
10386 3
10387 2
10388 2
10389 2
10390 3
10391 8
10392 2
10393 1
10394 5
10395 1
10396 1
10397 3
10398 1
10399 2
10400 8
10401 3
10402 6
10403 9
10404 9
10405 2
10406 4
10407 4
10408 3
10409 2
10410 7
10411 2
10412 1
10413 2
10414 6
10415 2
10416 1
10417 1
10418 9
10419 3
10420 2
10421 1
10422 1
10423 1
10424 3
10425 10
10426 3
10427 1
10428 3
10429 3
10430 10
10431 3
10432 3
10433 2
10434 2
10435 5
10436 8
10437 1
10438 4
10439 1
10440 1
10441 2
10442 9
10443 8
10444 2
10445 9
10446 1
10447 10
10448 2
10449 6
10450 1
10451 2
10452 12
10453 2
10454 5
10455 12
10456 2
10457 1
10458 2
10459 2
10460 2
10461 2
10462 1
10463 1
10464 10
10465 12
10466 5
10467 4
10468 2
10469 1
10470 7
10471 2
10472 3
10473 1
10474 2
10475 2
10476 2
10477 6
10478 2
10479 4
10480 2
10481 3
10482 4
10483 1
10484 1
10485 1
10486 11
10487 9
10488 1
10489 1
10490 2
10491 9
10492 1
10493 9
10494 2
10495 3
10496 12
10497 9
10498 4
10499 9
10500 2
10501 1
10502 3
10503 2
10504 8
10505 7
10506 10
10507 1
10508 6
10509 6
10510 1
10511 1
10512 8
10513 10
10514 1
10515 1
10516 2
10517 2
10518 2
10519 6
10520 1
10521 1
10522 2
10523 6
10524 1
10525 1
10526 6
10527 1
10528 2
10529 1
10530 4
10531 1
10532 1
10533 2
10534 5
10535 8
10536 3
10537 5
10538 1
10539 1
10540 4
10541 2
10542 1
10543 1
10544 6
10545 12
10546 7
10547 1
10548 1
10549 2
10550 2
10551 3
10552 1
10553 2
10554 2
10555 9
10556 5
10557 2
10558 2
10559 1
10560 2
10561 10
10562 3
10563 3
10564 2
10565 2
10566 2
10567 1
10568 2
10569 7
10570 1
10571 1
10572 1
10573 2
10574 1
10575 1
10576 9
10577 3
10578 10
10579 3
10580 1
10581 1
10582 7
10583 10
10584 9
10585 9
10586 1
10587 9
10588 1
10589 7
10590 5
10591 11
10592 1
10593 5
10594 1
10595 1
10596 2
10597 4
10598 2
10599 1
10600 1
10601 2
10602 1
10603 9
10604 3
10605 1
10606 10
10607 5
10608 10
10609 6
10610 2
10611 1
10612 1
10613 3
10614 3
10615 9
10616 1
10617 2
10618 4
10619 2
10620 3
10621 8
10622 6
10623 3
10624 2
10625 1
10626 5
10627 4
10628 6
10629 2
10630 2
10631 2
10632 2
10633 2
10634 2
10635 2
10636 2
10637 1
10638 1
10639 2
10640 5
10641 11
10642 2
10643 2
10644 2
10645 4
10646 1
10647 1
10648 4
10649 5
10650 3
10651 1
10652 1
10653 11
10654 2
10655 1
10656 3
10657 1
10658 3
10659 2
10660 3
10661 2
10662 2
10663 2
10664 2
10665 2
10666 1
10667 1
10668 3
10669 2
10670 2
10671 1
10672 5
10673 8
10674 2
10675 8
10676 5
10677 1
10678 2
10679 1
10680 10
10681 12
10682 2
10683 14
10684 1
10685 2
10686 2
10687 1
10688 4
10689 3
10690 1
10691 1
10692 7
10693 1
10694 12
10695 3
10696 2
10697 2
10698 3
10699 1
10700 1
10701 1
10702 1
10703 2
10704 1
10705 8
10706 1
10707 1
10708 1
10709 1
10710 3
10711 2
10712 1
10713 2
10714 4
10715 4
10716 1
10717 4
10718 2
10719 8
10720 2
10721 3
10722 11
10723 1
10724 1
10725 2
10726 1
10727 1
10728 1
10729 1
10730 11
10731 1
10732 5
10733 2
10734 1
10735 9
10736 1
10737 9
10738 1
10739 2
10740 3
10741 1
10742 2
10743 2
10744 1
10745 1
10746 11
10747 2
10748 3
10749 6
10750 3
10751 1
10752 10
10753 7
10754 1
10755 3
10756 12
10757 10
10758 9
10759 3
10760 2
10761 7
10762 1
10763 9
10764 2
10765 1
10766 1
10767 1
10768 1
10769 1
10770 4
10771 1
10772 1
10773 1
10774 8
10775 2
10776 7
10777 2
10778 6
10779 2
10780 9
10781 2
10782 1
10783 1
10784 2
10785 2
10786 2
10787 2
10788 1
10789 1
10790 2
10791 11
10792 4
10793 2
10794 12
10795 2
10796 1
10797 1
10798 2
10799 2
10800 10
10801 4
10802 3
10803 2
10804 1
10805 2
10806 2
10807 1
10808 2
10809 9
10810 1
10811 6
10812 1
10813 3
10814 12
10815 1
10816 2
10817 1
10818 9
10819 2
10820 1
10821 12
10822 2
10823 2
10824 2
10825 1
10826 2
10827 2
10828 4
10829 1
10830 7
10831 1
10832 2
10833 2
10834 2
10835 9
10836 1
10837 11
10838 2
10839 12
10840 1
10841 7
10842 1
10843 4
10844 10
10845 10
10846 1
10847 2
10848 3
10849 3
10850 1
10851 3
10852 2
10853 1
10854 1
10855 1
10856 1
10857 2
10858 11
10859 1
10860 2
10861 2
10862 4
10863 1
10864 1
10865 1
10866 2
10867 1
10868 1
10869 2
10870 1
10871 1
10872 1
10873 8
10874 2
10875 2
