0 10
1 8
2 5
3 9
4 9
5 5
6 5
7 4
8 7
9 9
10 8
11 7
12 7
13 6
14 7
15 3
16 6
17 8
18 7
19 8
20 8
21 6
22 4
23 8
24 2
25 10
26 10
27 4
28 2
29 3
30 9
31 6
32 2
33 7
34 4
35 6
36 3
37 3
38 8
39 9
40 4
41 9
42 12
43 4
44 2
45 6
46 10
47 3
48 4
49 7
50 4
51 3
52 2
53 10
54 5
55 10
56 2
57 6
58 2
59 6
60 15
61 18
62 8
63 14
64 6
65 9
66 4
67 3
68 7
69 6
70 7
71 9
72 2
73 12
74 8
75 5
76 5
77 10
78 8
79 5
80 3
81 9
82 3
83 8
84 6
85 11
86 9
87 8
88 4
89 3
90 3
91 7
92 4
93 10
94 3
95 2
96 5
97 14
98 2
99 2
100 4
101 6
102 3
103 2
104 10
105 8
106 5
107 2
108 4
109 8
110 8
111 2
112 7
113 7
114 6
115 9
116 2
117 6
118 24
119 3
120 7
121 7
122 4
123 2
124 4
125 15
126 10
127 12
128 13
129 9
130 15
131 13
132 13
133 2
134 7
135 14
136 8
137 12
138 6
139 6
140 14
141 6
142 12
143 12
144 5
145 8
146 10
147 11
148 4
149 4
150 2
151 9
152 6
153 6
154 3
155 11
156 9
157 2
158 5
159 28
160 16
161 19
162 15
163 24
164 18
165 17
166 7
167 2
168 4
169 8
170 25
171 14
172 14
173 9
174 2
175 3
176 6
177 7
178 27
179 7
180 17
181 19
182 4
183 14
184 33
185 4
186 3
187 10
188 7
189 7
190 10
191 5
192 8
193 2
194 11
195 7
196 6
197 5
198 2
199 8
200 17
201 7
202 5
203 4
204 5
205 14
206 11
207 2
208 11
209 14
210 3
211 11
212 4
213 7
214 8
215 3
216 4
217 9
218 6
219 3
220 18
221 5
222 4
223 10
224 7
225 3
226 4
227 2
228 3
229 2
230 10
231 3
232 2
233 2
234 3
235 4
236 11
237 2
238 2
239 5
240 2
241 3
242 5
243 11
244 7
245 8
246 14
247 11
248 11
249 9
250 11
251 8
252 12
253 2
254 12
255 2
256 2
257 2
258 13
259 5
260 5
261 4
262 7
263 4
264 8
265 5
266 5
267 24
268 7
269 9
270 14
271 12
272 8
273 7
274 3
275 2
276 8
277 9
278 7
279 5
280 10
281 6
282 4
283 6
284 8
285 9
286 5
287 6
288 14
289 2
290 3
291 14
292 15
293 8
294 2
295 10
296 2
297 8
298 9
299 2
300 2
301 18
302 34
303 12
304 28
305 8
306 14
307 5
308 4
309 8
310 13
311 6
312 9
313 7
314 9
315 4
316 4
317 13
318 4
319 9
320 2
321 3
322 8
323 8
324 7
325 2
326 3
327 8
328 8
329 7
330 11
331 7
332 11
333 3
334 3
335 6
336 6
337 5
338 4
339 8
340 7
341 3
342 4
343 9
344 4
345 2
346 9
347 2
348 3
349 3
350 3
351 12
352 2
353 7
354 5
355 12
356 9
357 3
358 2
359 7
360 4
361 3
362 2
363 3
364 3
365 5
366 2
367 7
368 5
369 3
370 5
371 5
372 2
373 5
374 6
375 3
376 7
377 7
378 9
379 11
380 15
381 11
382 6
383 5
384 4
385 20
386 11
387 8
388 9
389 7
390 9
391 14
392 23
393 27
394 17
395 17
396 23
397 7
398 4
399 11
400 5
401 3
402 3
403 8
404 2
405 3
406 5
407 10
408 8
409 7
410 7
411 3
412 14
413 4
414 5
415 5
416 4
417 4
418 7
419 2
420 10
421 7
422 11
423 2
424 7
425 3
426 9
427 3
428 2
429 2
430 3
431 4
432 2
433 5
434 4
435 4
436 13
437 2
438 7
439 4
440 4
441 6
442 4
443 2
444 11
445 2
446 6
447 2
448 4
449 3
450 4
451 9
452 11
453 4
454 2
455 8
456 6
457 3
458 12
459 10
460 3
461 3
462 8
463 9
464 7
465 2
466 5
467 12
468 5
469 7
470 8
471 8
472 3
473 8
474 7
475 5
476 10
477 11
478 4
479 7
480 3
481 4
482 2
483 2
484 19
485 2
486 32
487 9
488 34
489 14
490 22
491 8
492 2
493 2
494 3
495 8
496 5
497 8
498 11
499 2
500 7
501 7
502 8
503 5
504 2
505 2
506 8
507 8
508 8
509 8
510 4
511 6
512 4
513 3
514 10
515 6
516 21
517 7
518 2
519 5
520 4
521 3
522 11
523 4
524 3
525 11
526 11
527 5
528 5
529 10
530 2
531 3
532 6
533 8
534 9
535 2
536 2
537 11
538 6
539 4
540 3
541 7
542 3
543 6
544 6
545 11
546 7
547 2
548 3
549 4
550 2
551 34
552 8
553 5
554 6
555 2
556 7
557 6
558 2
559 3
560 2
561 9
562 7
563 2
564 8
565 9
566 9
567 6
568 11
569 5
570 10
571 10
572 7
573 10
574 2
575 3
576 2
577 7
578 8
579 30
580 7
581 8
582 8
583 7
584 6
585 3
586 3
587 9
588 5
589 22
590 7
591 7
592 9
593 5
594 5
595 3
596 5
597 5
598 10
599 8
600 7
601 3
602 2
603 9
604 5
605 3
606 2
607 11
608 9
609 6
610 3
611 7
612 5
613 5
614 2
615 3
616 7
617 2
618 7
619 7
620 5
621 2
622 2
623 7
624 3
625 8
626 8
627 7
628 6
629 5
630 10
631 3
632 5
633 2
634 7
635 4
636 5
637 12
638 5
639 10
640 5
641 7
642 9
643 6
644 2
645 2
646 4
647 2
648 9
649 9
650 10
651 6
652 2
653 5
654 6
655 4
656 4
657 7
658 2
659 8
660 2
661 10
662 7
663 10
664 7
665 8
666 19
667 22
668 16
669 20
670 10
671 5
672 5
673 2
674 9
675 6
676 9
677 11
678 4
679 2
680 3
681 9
682 8
683 9
684 7
685 4
686 9
687 10
688 7
689 5
690 3
691 6
692 8
693 5
694 8
695 8
696 9
697 5
698 2
699 5
700 2
701 10
702 7
703 3
704 6
705 9
706 13
707 5
708 8
709 3
710 3
711 11
712 12
713 3
714 4
715 7
716 2
717 7
718 9
719 4
720 9
721 10
722 8
723 9
724 8
725 4
726 6
727 4
728 14
729 3
730 14
731 11
732 7
733 13
734 4
735 4
736 6
737 13
738 14
739 9
740 10
741 4
742 12
743 6
744 8
745 2
746 4
747 9
748 16
749 11
750 10
751 2
752 5
753 5
754 2
755 2
756 8
757 5
758 4
759 11
760 9
761 2
762 5
763 12
764 5
765 8
766 2
767 7
768 14
769 5
770 7
771 5
772 7
773 14
774 3
775 18
776 10
777 19
778 22
779 11
780 16
781 28
782 11
783 9
784 3
785 9
786 8
787 6
788 5
789 2
790 2
791 8
792 16
793 18
794 7
795 9
796 23
797 5
798 8
799 7
800 3
801 4
802 8
803 9
804 6
805 6
806 8
807 3
808 2
809 8
810 9
811 5
812 3
813 9
814 4
815 18
816 15
817 2
818 5
819 10
820 10
821 6
822 9
823 7
824 3
825 6
826 11
827 5
828 4
829 3
830 7
831 14
832 5
833 3
834 8
835 10
836 6
837 6
838 5
839 4
840 4
841 5
842 8
843 6
844 2
845 5
846 3
847 7
848 4
849 12
850 11
851 3
852 5
853 8
854 7
855 5
856 8
857 7
858 3
859 5
860 2
861 6
862 3
863 2
864 6
865 16
866 13
867 28
868 4
869 21
870 14
871 2
872 8
873 2
874 2
875 3
876 7
877 2
878 9
879 2
880 6
881 4
882 2
883 3
884 2
885 15
886 4
887 2
888 4
889 3
890 12
891 5
892 10
893 11
894 9
895 8
896 7
897 5
898 23
899 8
900 9
901 6
902 7
903 2
904 3
905 7
906 3
907 4
908 7
909 2
910 2
911 5
912 2
913 8
914 5
915 5
916 2
917 2
918 3
919 3
920 4
921 4
922 8
923 16
924 2
925 3
926 6
927 2
928 2
929 2
930 9
931 10
932 8
933 8
934 9
935 7
936 15
937 7
938 7
939 8
940 10
941 8
942 10
943 8
944 3
945 8
946 7
947 6
948 9
949 8
950 9
951 9
952 7
953 4
954 9
955 9
956 5
957 3
958 2
959 7
960 3
961 3
962 2
963 10
964 8
965 3
966 8
967 11
968 10
969 5
970 9
971 5
972 11
973 3
974 6
975 14
976 4
977 2
978 10
979 9
980 10
981 4
982 3
983 2
984 7
985 5
986 6
987 10
988 7
989 7
990 8
991 9
992 3
993 8
994 5
995 9
996 8
997 8
998 23
999 4
1000 4
1001 11
1002 4
1003 4
1004 7
1005 9
1006 3
1007 2
1008 7
1009 9
1010 4
1011 3
1012 22
1013 8
1014 8
1015 9
1016 9
1017 12
1018 8
1019 5
1020 11
1021 4
1022 6
1023 4
1024 4
1025 3
1026 7
1027 10
1028 4
1029 8
1030 11
1031 4
1032 8
1033 10
1034 9
1035 2
1036 4
1037 12
1038 5
1039 8
1040 10
1041 7
1042 5
1043 11
1044 7
1045 3
1046 3
1047 4
1048 5
1049 9
1050 10
1051 2
1052 7
1053 8
1054 4
1055 4
1056 8
1057 3
1058 9
1059 2
1060 17
1061 9
1062 4
1063 5
1064 9
1065 15
1066 7
1067 2
1068 8
1069 7
1070 2
1071 5
1072 4
1073 2
1074 2
1075 10
1076 4
1077 7
1078 8
1079 8
1080 4
1081 2
1082 3
1083 8
1084 14
1085 2
1086 3
1087 3
1088 8
1089 3
1090 9
1091 6
1092 7
1093 7
1094 7
1095 2
1096 4
1097 17
1098 2
1099 8
1100 4
1101 6
1102 7
1103 8
1104 7
1105 3
1106 9
1107 7
1108 7
1109 7
1110 2
1111 2
1112 6
1113 3
1114 4
1115 7
1116 6
1117 15
1118 4
1119 7
1120 15
1121 10
1122 17
1123 14
1124 9
1125 30
1126 24
1127 25
1128 7
1129 2
1130 11
1131 9
1132 2
1133 2
1134 7
1135 2
1136 4
1137 2
1138 2
1139 5
1140 2
1141 11
1142 5
1143 13
1144 6
1145 6
1146 2
1147 10
1148 3
1149 2
1150 2
1151 4
1152 6
1153 2
1154 9
1155 2
1156 6
1157 12
1158 2
1159 6
1160 4
1161 5
1162 9
1163 11
1164 10
1165 2
1166 2
1167 13
1168 39
1169 21
1170 34
1171 14
1172 17
1173 10
1174 4
1175 5
1176 7
1177 6
1178 7
1179 9
1180 8
1181 2
1182 2
1183 5
1184 8
1185 8
1186 3
1187 2
1188 8
1189 2
1190 6
1191 2
1192 5
1193 8
1194 6
1195 12
1196 8
1197 3
1198 4
1199 4
1200 9
1201 5
1202 9
1203 6
1204 6
1205 7
1206 8
1207 6
1208 3
1209 2
1210 2
1211 2
1212 3
1213 3
1214 10
1215 8
1216 5
1217 20
1218 9
1219 4
1220 4
1221 2
1222 11
1223 3
1224 10
1225 5
1226 12
1227 8
1228 2
1229 9
1230 8
1231 7
1232 5
1233 4
1234 6
1235 9
1236 5
1237 2
1238 2
1239 4
1240 3
1241 3
1242 2
1243 8
1244 7
1245 5
1246 2
1247 4
1248 4
1249 2
1250 7
1251 2
1252 9
1253 2
1254 3
1255 3
1256 5
1257 8
1258 4
1259 5
1260 3
1261 2
1262 9
1263 9
1264 8
1265 6
1266 4
1267 2
1268 2
1269 26
1270 15
1271 8
1272 12
1273 5
1274 14
1275 4
1276 9
1277 5
1278 2
1279 3
1280 2
1281 3
1282 14
1283 5
1284 8
1285 7
1286 9
1287 4
1288 9
1289 5
1290 11
1291 10
1292 2
1293 9
1294 11
1295 2
1296 2
1297 7
1298 13
1299 8
1300 4
1301 4
1302 7
1303 2
1304 4
1305 6
1306 7
1307 16
1308 15
1309 2
1310 7
1311 2
1312 5
1313 4
1314 8
1315 6
1316 10
1317 6
1318 5
1319 8
1320 8
1321 3
1322 7
1323 9
1324 11
1325 8
1326 3
1327 4
1328 2
1329 2
1330 5
1331 2
1332 2
1333 7
1334 3
1335 2
1336 7
1337 2
1338 5
1339 12
1340 9
1341 8
1342 2
1343 3
1344 4
1345 9
1346 7
1347 4
1348 4
1349 3
1350 9
1351 11
1352 6
1353 10
1354 6
1355 5
1356 8
1357 8
1358 8
1359 2
1360 3
1361 4
1362 8
1363 6
1364 8
1365 9
1366 7
1367 6
1368 7
1369 5
1370 9
1371 4
1372 2
1373 4
1374 15
1375 2
1376 4
1377 20
1378 2
1379 3
1380 10
1381 7
1382 2
1383 2
1384 4
1385 4
1386 7
1387 4
1388 3
1389 4
1390 4
1391 14
1392 7
1393 2
1394 10
1395 14
1396 6
1397 2
1398 6
1399 3
1400 2
1401 2
1402 3
1403 5
1404 8
1405 10
1406 2
1407 11
1408 5
1409 5
1410 7
1411 2
1412 8
1413 7
1414 7
1415 8
1416 11
1417 3
1418 3
1419 2
1420 8
1421 2
1422 4
1423 8
1424 4
1425 9
1426 9
1427 8
1428 6
1429 4
1430 16
1431 10
1432 13
1433 6
1434 3
1435 11
1436 12
1437 10
1438 2
1439 7
1440 2
1441 4
1442 10
1443 9
1444 2
1445 10
1446 2
1447 8
1448 8
1449 10
1450 3
1451 5
1452 3
1453 5
1454 8
1455 9
1456 5
1457 5
1458 2
1459 4
1460 4
1461 2
1462 11
1463 7
1464 7
1465 2
1466 2
1467 8
1468 11
1469 13
1470 2
1471 15
1472 7
1473 2
1474 9
1475 2
1476 7
1477 4
1478 7
1479 8
1480 10
1481 2
1482 11
1483 9
1484 9
1485 6
1486 2
1487 7
1488 9
1489 7
1490 8
1491 3
1492 8
1493 7
1494 7
1495 7
1496 7
1497 11
1498 2
1499 7
1500 3
1501 9
1502 9
1503 7
1504 4
1505 5
1506 3
1507 4
1508 7
1509 7
1510 4
1511 2
1512 11
1513 6
1514 7
1515 2
1516 7
1517 7
1518 3
1519 9
1520 4
1521 9
1522 10
1523 2
1524 3
1525 3
1526 11
1527 2
1528 9
1529 6
1530 4
1531 3
1532 8
1533 4
1534 4
1535 5
1536 2
1537 11
1538 10
1539 8
1540 5
1541 5
1542 2
1543 3
1544 9
1545 5
1546 9
1547 2
1548 5
1549 8
1550 2
1551 5
1552 2
1553 2
1554 2
1555 4
1556 11
1557 5
1558 7
1559 4
1560 8
1561 8
1562 3
1563 6
1564 12
1565 21
1566 2
1567 3
1568 8
1569 7
1570 2
1571 7
1572 2
1573 3
1574 14
1575 9
1576 9
1577 8
1578 2
1579 8
1580 7
1581 8
1582 2
1583 3
1584 7
1585 7
1586 7
1587 2
1588 4
1589 4
1590 6
1591 4
1592 9
1593 9
1594 4
1595 9
1596 6
1597 9
1598 4
1599 5
1600 3
1601 4
1602 2
1603 2
1604 6
1605 3
1606 2
1607 8
1608 2
1609 3
1610 5
1611 4
1612 11
1613 6
1614 7
1615 2
1616 11
1617 3
1618 8
1619 7
1620 7
1621 3
1622 2
1623 2
1624 8
1625 9
1626 8
1627 8
1628 18
1629 12
1630 2
1631 14
1632 6
1633 13
1634 9
1635 7
1636 4
1637 2
1638 4
1639 8
1640 2
1641 3
1642 4
1643 2
1644 6
1645 7
1646 8
1647 4
1648 4
1649 8
1650 6
1651 7
1652 2
1653 4
1654 17
1655 18
1656 6
1657 2
1658 6
1659 3
1660 7
1661 2
1662 2
1663 9
1664 2
1665 2
1666 9
1667 8
1668 2
1669 4
1670 2
1671 4
1672 3
1673 8
1674 7
1675 8
1676 5
1677 9
1678 9
1679 8
1680 12
1681 22
1682 21
1683 31
1684 26
1685 11
1686 2
1687 6
1688 3
1689 4
1690 7
1691 24
1692 15
1693 16
1694 8
1695 7
1696 5
1697 3
1698 8
1699 3
1700 2
1701 8
1702 2
1703 3
1704 5
1705 7
1706 5
1707 8
1708 4
1709 6
1710 8
1711 2
1712 10
1713 4
1714 2
1715 2
1716 3
1717 3
1718 3
1719 12
1720 7
1721 7
1722 9
1723 2
1724 9
1725 8
1726 6
1727 10
1728 6
1729 2
1730 8
1731 7
1732 7
1733 14
1734 3
1735 5
1736 7
1737 2
1738 5
1739 8
1740 7
1741 3
1742 7
1743 7
1744 4
1745 2
1746 10
1747 11
1748 5
1749 7
1750 7
1751 4
1752 3
1753 10
1754 4
1755 7
1756 7
1757 2
1758 2
1759 4
1760 9
1761 14
1762 2
1763 7
1764 2
1765 2
1766 5
1767 3
1768 4
1769 10
1770 4
1771 3
1772 7
1773 5
1774 4
1775 6
1776 4
1777 3
1778 3
1779 7
1780 4
1781 10
1782 10
1783 6
1784 2
1785 9
1786 3
1787 2
1788 8
1789 7
1790 5
1791 2
1792 2
1793 2
1794 10
1795 2
1796 5
1797 36
1798 9
1799 14
1800 9
1801 5
1802 8
1803 6
1804 7
1805 2
1806 10
1807 10
1808 10
1809 4
1810 2
1811 10
1812 10
1813 2
1814 2
1815 3
1816 3
1817 11
1818 5
1819 2
1820 8
1821 3
1822 7
1823 4
1824 2
1825 4
1826 3
1827 8
1828 7
1829 2
1830 9
1831 2
1832 7
1833 7
1834 4
1835 3
1836 7
1837 5
1838 2
1839 3
1840 2
1841 7
1842 14
1843 8
1844 11
1845 6
1846 2
1847 7
1848 5
1849 2
1850 2
1851 4
1852 3
1853 8
1854 2
1855 5
1856 9
1857 7
1858 7
1859 6
1860 9
1861 9
1862 7
1863 9
1864 6
1865 4
1866 4
1867 2
1868 7
1869 4
1870 7
1871 5
1872 4
1873 8
1874 3
1875 2
1876 2
1877 3
1878 2
1879 4
1880 9
1881 9
1882 6
1883 7
1884 4
1885 8
1886 7
1887 9
1888 3
1889 8
1890 13
1891 13
1892 9
1893 3
1894 6
1895 2
1896 9
1897 6
1898 8
1899 2
1900 2
1901 6
1902 8
1903 8
1904 4
1905 9
1906 2
1907 7
1908 7
1909 11
1910 7
1911 9
1912 2
1913 12
1914 3
1915 9
1916 8
1917 3
1918 2
1919 5
1920 5
1921 6
1922 6
1923 8
1924 4
1925 3
1926 9
1927 4
1928 8
1929 6
1930 2
1931 5
1932 5
1933 2
1934 12
1935 3
1936 3
1937 10
1938 6
1939 9
1940 11
1941 3
1942 8
1943 4
1944 3
1945 6
1946 2
1947 2
1948 10
1949 8
1950 9
1951 5
1952 5
1953 4
1954 7
1955 2
1956 5
1957 9
1958 9
1959 3
1960 6
1961 10
1962 6
1963 9
1964 8
1965 10
1966 2
1967 7
1968 2
1969 5
1970 10
1971 3
1972 5
1973 7
1974 6
1975 2
1976 3
1977 6
1978 10
1979 6
1980 7
1981 7
1982 9
1983 7
1984 9
1985 8
1986 3
1987 7
1988 9
1989 9
1990 9
1991 3
1992 7
1993 9
1994 9
1995 4
1996 2
1997 2
1998 2
1999 2
2000 2
2001 2
2002 5
2003 2
2004 7
2005 2
2006 5
2007 3
2008 2
2009 6
2010 9
2011 3
2012 7
2013 7
2014 6
2015 3
2016 4
2017 9
2018 2
2019 2
2020 7
2021 2
2022 4
2023 4
2024 7
2025 8
2026 6
2027 9
2028 4
2029 4
2030 2
2031 5
2032 2
2033 9
2034 2
2035 2
2036 3
2037 3
2038 3
2039 5
2040 9
2041 2
2042 5
2043 12
2044 12
2045 2
2046 6
2047 6
2048 3
2049 2
2050 16
2051 3
2052 5
2053 10
2054 15
2055 17
2056 3
2057 7
2058 4
2059 5
2060 3
2061 3
2062 5
2063 13
2064 6
2065 7
2066 13
2067 6
2068 2
2069 7
2070 2
2071 5
2072 2
2073 8
2074 7
2075 5
2076 2
2077 12
2078 7
2079 9
2080 4
2081 8
2082 9
2083 10
2084 4
2085 6
2086 7
2087 9
2088 7
2089 12
2090 4
2091 6
2092 7
2093 3
2094 6
2095 7
2096 22
2097 2
2098 6
2099 3
2100 14
2101 13
2102 7
2103 2
2104 3
2105 7
2106 12
2107 5
2108 2
2109 2
2110 3
2111 9
2112 3
2113 9
2114 2
2115 2
2116 8
2117 18
2118 5
2119 3
2120 2
2121 3
2122 7
2123 9
2124 4
2125 4
2126 8
2127 23
2128 2
2129 5
2130 2
2131 2
2132 5
2133 10
2134 2
2135 4
2136 3
2137 2
2138 6
2139 2
2140 2
2141 4
2142 4
2143 4
2144 8
2145 6
2146 5
2147 2
2148 2
2149 2
2150 8
2151 3
2152 3
2153 3
2154 5
2155 9
2156 4
2157 2
2158 2
2159 7
2160 2
2161 7
2162 8
2163 9
2164 10
2165 5
2166 8
2167 3
2168 8
2169 9
2170 2
2171 7
2172 2
2173 2
2174 2
2175 5
2176 5
2177 6
2178 3
2179 3
2180 5
2181 3
2182 3
2183 3
2184 9
2185 13
2186 6
2187 2
2188 7
2189 9
2190 8
2191 3
2192 7
2193 8
2194 7
2195 8
2196 7
2197 9
2198 5
2199 2
2200 3
2201 2
2202 3
2203 11
2204 4
2205 2
2206 5
2207 2
2208 7
2209 7
2210 2
2211 3
2212 7
2213 8
2214 2
2215 2
2216 5
2217 2
2218 8
2219 4
2220 3
2221 3
2222 7
2223 6
2224 6
2225 3
2226 6
2227 7
2228 7
2229 2
2230 2
2231 7
2232 7
2233 5
2234 2
2235 4
2236 4
2237 9
2238 6
2239 6
2240 2
2241 9
2242 8
2243 5
2244 5
2245 6
2246 7
2247 6
2248 5
2249 12
2250 4
2251 3
2252 8
2253 2
2254 8
2255 7
2256 6
2257 3
2258 8
2259 7
2260 7
2261 7
2262 2
2263 9
2264 3
2265 2
2266 2
2267 7
2268 9
2269 20
2270 4
2271 8
2272 6
2273 3
2274 2
2275 9
2276 6
2277 2
2278 2
2279 9
2280 2
2281 5
2282 9
2283 8
2284 7
2285 9
2286 7
2287 10
2288 7
2289 3
2290 7
2291 2
2292 5
2293 8
2294 4
2295 2
2296 11
2297 9
2298 8
2299 11
2300 2
2301 7
2302 2
2303 7
2304 9
2305 4
2306 5
2307 2
2308 7
2309 2
2310 9
2311 7
2312 2
2313 5
2314 4
2315 4
2316 9
2317 11
2318 10
2319 9
2320 2
2321 2
2322 6
2323 2
2324 10
2325 2
2326 4
2327 7
2328 3
2329 4
2330 8
2331 2
2332 8
2333 4
2334 2
2335 10
2336 2
2337 3
2338 11
2339 5
2340 2
2341 8
2342 3
2343 2
2344 9
2345 2
2346 3
2347 3
2348 4
2349 5
2350 5
2351 8
2352 8
2353 3
2354 13
2355 9
2356 6
2357 2
2358 2
2359 6
2360 2
2361 7
2362 2
2363 5
2364 9
2365 7
2366 4
2367 3
2368 19
2369 18
2370 18
2371 6
2372 2
2373 3
2374 3
2375 3
2376 7
2377 12
2378 2
2379 7
2380 7
2381 3
2382 7
2383 7
2384 6
2385 12
2386 5
2387 9
2388 2
2389 2
2390 6
2391 3
2392 5
2393 7
2394 2
2395 8
2396 5
2397 3
2398 2
2399 2
2400 2
2401 6
2402 11
2403 8
2404 3
2405 9
2406 3
2407 9
2408 7
2409 3
2410 2
2411 9
2412 5
2413 7
2414 7
2415 4
2416 2
2417 5
2418 5
2419 3
2420 2
2421 8
2422 3
2423 3
2424 2
2425 7
2426 8
2427 4
2428 7
2429 8
2430 7
2431 8
2432 4
2433 5
2434 5
2435 7
2436 2
2437 9
2438 9
2439 3
2440 2
2441 2
2442 3
2443 8
2444 2
2445 7
2446 6
2447 2
2448 2
2449 7
2450 26
2451 2
2452 3
2453 13
2454 3
2455 3
2456 3
2457 7
2458 8
2459 5
2460 5
2461 12
2462 2
2463 6
2464 2
2465 10
2466 5
2467 7
2468 7
2469 7
2470 7
2471 4
2472 4
2473 7
2474 3
2475 3
2476 9
2477 3
2478 3
2479 4
2480 2
2481 2
2482 5
2483 2
2484 4
2485 3
2486 5
2487 6
2488 2
2489 2
2490 3
2491 2
2492 3
2493 6
2494 7
2495 9
2496 9
2497 5
2498 4
2499 9
2500 12
2501 4
2502 2
2503 10
2504 8
2505 7
2506 8
2507 3
2508 9
2509 5
2510 4
2511 2
2512 8
2513 7
2514 3
2515 2
2516 2
2517 11
2518 4
2519 3
2520 2
2521 2
2522 7
2523 7
2524 4
2525 3
2526 9
2527 8
2528 9
2529 4
2530 8
2531 13
2532 9
2533 4
2534 5
2535 7
2536 5
2537 8
2538 2
2539 5
2540 9
2541 3
2542 8
2543 9
2544 3
2545 3
2546 2
2547 5
2548 2
2549 9
2550 2
2551 8
2552 4
2553 8
2554 13
2555 2
2556 5
2557 10
2558 9
2559 2
2560 6
2561 2
2562 9
2563 7
2564 2
2565 7
2566 3
2567 3
2568 2
2569 3
2570 7
2571 6
2572 2
2573 2
2574 8
2575 2
2576 8
2577 5
2578 5
2579 7
2580 3
2581 12
2582 8
2583 7
2584 2
2585 9
2586 10
2587 14
2588 7
2589 4
2590 4
2591 12
2592 8
2593 8
2594 11
2595 3
2596 9
2597 5
2598 2
2599 6
2600 6
2601 7
2602 9
2603 8
2604 9
2605 2
2606 5
2607 3
2608 9
2609 2
2610 4
2611 9
2612 3
2613 2
2614 7
2615 9
2616 2
2617 3
2618 3
2619 3
2620 25
2621 6
2622 7
2623 8
2624 8
2625 6
2626 4
2627 10
2628 2
2629 7
2630 2
2631 4
2632 4
2633 9
2634 5
2635 5
2636 10
2637 9
2638 2
2639 7
2640 7
2641 5
2642 7
2643 8
2644 8
2645 5
2646 2
2647 2
2648 7
2649 8
2650 2
2651 2
2652 7
2653 9
2654 7
2655 2
2656 2
2657 2
2658 8
2659 8
2660 3
2661 7
2662 4
2663 8
2664 8
2665 7
2666 4
2667 8
2668 4
2669 7
2670 6
2671 7
2672 9
2673 6
2674 11
2675 4
2676 9
2677 10
2678 7
2679 2
2680 7
2681 4
2682 3
2683 2
2684 2
2685 5
2686 9
2687 20
2688 24
2689 9
2690 9
2691 8
2692 7
2693 3
2694 5
2695 5
2696 3
2697 3
2698 9
2699 4
2700 4
2701 2
2702 3
2703 7
2704 9
2705 9
2706 2
2707 2
2708 9
2709 3
2710 4
2711 6
2712 11
2713 2
2714 2
2715 8
2716 9
2717 10
2718 2
2719 8
2720 7
2721 2
2722 3
2723 2
2724 9
2725 4
2726 3
2727 9
2728 3
2729 7
2730 2
2731 5
2732 2
2733 7
2734 12
2735 5
2736 4
2737 3
2738 4
2739 11
2740 8
2741 3
2742 3
2743 5
2744 11
2745 4
2746 2
2747 2
2748 5
2749 9
2750 3
2751 2
2752 3
2753 8
2754 2
2755 2
2756 2
2757 2
2758 3
2759 8
2760 13
2761 3
2762 20
2763 5
2764 2
2765 5
2766 2
2767 10
2768 4
2769 3
2770 8
2771 4
2772 4
2773 3
2774 2
2775 4
2776 2
2777 4
2778 8
2779 2
2780 8
2781 2
2782 5
2783 8
2784 3
2785 10
2786 18
2787 4
2788 4
2789 6
2790 11
2791 3
2792 2
2793 3
2794 9
2795 8
2796 2
2797 8
2798 3
2799 7
2800 5
2801 2
2802 2
2803 2
2804 7
2805 2
2806 2
2807 2
2808 5
2809 9
2810 10
2811 10
2812 3
2813 5
2814 5
2815 8
2816 3
2817 11
2818 3
2819 4
2820 7
2821 5
2822 8
2823 11
2824 5
2825 5
2826 6
2827 2
2828 8
2829 6
2830 2
2831 8
2832 3
2833 6
2834 4
2835 2
2836 12
2837 6
2838 2
2839 2
2840 4
2841 2
2842 7
2843 5
2844 2
2845 3
2846 3
2847 2
2848 2
2849 3
2850 9
2851 7
2852 2
2853 9
2854 6
2855 2
2856 8
2857 2
2858 6
2859 2
2860 10
2861 2
2862 12
2863 8
2864 2
2865 2
2866 3
2867 4
2868 12
2869 2
2870 3
2871 6
2872 2
2873 3
2874 7
2875 7
2876 8
2877 7
2878 5
2879 10
2880 3
2881 5
2882 6
2883 2
2884 2
2885 6
2886 9
2887 7
2888 7
2889 2
2890 5
2891 5
2892 4
2893 2
2894 2
2895 9
2896 14
2897 2
2898 2
2899 3
2900 2
2901 7
2902 9
2903 4
2904 2
2905 2
2906 10
2907 3
2908 3
2909 4
2910 7
2911 2
2912 7
2913 10
2914 12
2915 4
2916 8
2917 8
2918 3
2919 4
2920 5
2921 2
2922 4
2923 2
2924 9
2925 2
2926 7
2927 2
2928 2
2929 2
2930 12
2931 2
2932 2
2933 6
2934 2
2935 3
2936 9
2937 4
2938 2
2939 8
2940 5
2941 2
2942 3
2943 12
2944 2
2945 9
2946 2
2947 2
2948 3
2949 8
2950 8
2951 4
2952 2
2953 7
2954 7
2955 6
2956 2
2957 2
2958 3
2959 5
2960 3
2961 6
2962 4
2963 2
2964 4
2965 4
2966 5
2967 2
2968 4
2969 2
2970 10
2971 4
2972 3
2973 5
2974 7
2975 9
2976 8
2977 4
2978 3
2979 7
2980 3
2981 2
2982 9
2983 10
2984 7
2985 7
2986 3
2987 7
2988 8
2989 8
2990 3
2991 2
2992 7
2993 2
2994 6
2995 4
2996 8
2997 4
2998 2
2999 2
3000 9
3001 10
3002 2
3003 7
3004 6
3005 2
3006 7
3007 8
3008 12
3009 11
3010 2
3011 4
3012 6
3013 5
3014 8
3015 2
3016 3
3017 8
3018 3
3019 10
3020 5
3021 3
3022 3
3023 2
3024 9
3025 3
3026 9
3027 3
3028 5
3029 3
3030 7
3031 2
3032 7
3033 11
3034 7
3035 2
3036 2
3037 12
3038 3
3039 7
3040 4
3041 3
3042 2
3043 2
3044 4
3045 4
3046 2
3047 8
3048 3
3049 13
3050 10
3051 8
3052 8
3053 4
3054 4
3055 7
3056 7
3057 2
3058 9
3059 12
3060 6
3061 8
3062 10
3063 8
3064 2
3065 7
3066 9
3067 3
3068 8
3069 7
3070 7
3071 2
3072 2
3073 5
3074 11
3075 8
3076 2
3077 7
3078 7
3079 9
3080 5
3081 8
3082 7
3083 8
3084 2
3085 5
3086 5
3087 8
3088 4
3089 3
3090 8
3091 13
3092 7
3093 10
3094 9
3095 3
3096 4
3097 7
3098 4
3099 8
3100 2
3101 8
3102 6
3103 8
3104 8
3105 4
3106 5
3107 2
3108 9
3109 2
3110 2
3111 9
3112 7
3113 2
3114 2
3115 9
3116 10
3117 2
3118 7
3119 2
3120 2
3121 2
3122 9
3123 3
3124 3
3125 3
3126 5
3127 17
3128 9
3129 2
3130 2
3131 11
3132 6
3133 3
3134 6
3135 2
3136 2
3137 3
3138 4
3139 3
3140 5
3141 3
3142 6
3143 8
3144 8
3145 2
3146 7
3147 4
3148 9
3149 2
3150 4
3151 5
3152 3
3153 4
3154 5
3155 5
3156 9
3157 4
3158 4
3159 8
3160 2
3161 2
3162 2
3163 16
3164 12
3165 7
3166 2
3167 8
3168 2
3169 5
3170 5
3171 8
3172 5
3173 6
3174 6
3175 5
3176 9
3177 2
3178 2
3179 5
3180 8
3181 2
3182 7
3183 3
3184 4
3185 2
3186 2
3187 2
3188 12
3189 7
3190 2
3191 4
3192 5
3193 4
3194 8
3195 8
3196 9
3197 5
3198 3
3199 3
3200 6
3201 6
3202 11
3203 6
3204 7
3205 8
3206 4
3207 2
3208 7
3209 5
3210 6
3211 3
3212 6
3213 3
3214 7
3215 2
3216 2
3217 3
3218 8
3219 5
3220 7
3221 2
3222 5
3223 4
3224 2
3225 5
3226 4
3227 9
3228 7
3229 7
3230 2
3231 3
3232 3
3233 2
3234 2
3235 2
3236 8
3237 9
3238 2
3239 3
3240 2
3241 3
3242 2
3243 6
3244 3
3245 4
3246 8
3247 11
3248 5
3249 2
3250 4
3251 6
3252 9
3253 4
3254 3
3255 3
3256 2
3257 3
3258 4
3259 8
3260 7
3261 10
3262 7
3263 3
3264 8
3265 3
3266 2
3267 5
3268 5
3269 10
3270 8
3271 4
3272 5
3273 7
3274 14
3275 4
3276 3
3277 15
3278 3
3279 9
3280 2
3281 2
3282 12
3283 12
3284 6
3285 3
3286 3
3287 3
3288 3
3289 5
3290 13
3291 3
3292 4
3293 2
3294 5
3295 7
3296 2
3297 8
3298 2
3299 2
3300 57
3301 5
3302 5
3303 8
3304 5
3305 8
3306 2
3307 3
3308 3
3309 5
3310 11
3311 2
3312 9
3313 2
3314 8
3315 9
3316 2
3317 9
3318 3
3319 4
3320 4
3321 5
3322 6
3323 6
3324 8
3325 4
3326 2
3327 8
3328 9
3329 9
3330 8
3331 12
3332 9
3333 9
3334 9
3335 2
3336 12
3337 2
3338 5
3339 2
3340 7
3341 8
3342 4
3343 8
3344 3
3345 3
3346 2
3347 2
3348 4
3349 2
3350 2
3351 8
3352 5
3353 3
3354 7
3355 9
3356 3
3357 2
3358 9
3359 3
3360 4
3361 13
3362 2
3363 3
3364 6
3365 11
3366 3
3367 4
3368 7
3369 3
3370 2
3371 2
3372 6
3373 8
3374 4
3375 8
3376 3
3377 3
3378 2
3379 8
3380 7
3381 5
3382 5
3383 2
3384 2
3385 2
3386 7
3387 2
3388 10
3389 7
3390 2
3391 9
3392 5
3393 3
3394 9
3395 8
3396 2
3397 2
3398 2
3399 2
3400 6
3401 2
3402 9
3403 7
3404 4
3405 2
3406 8
3407 8
3408 2
3409 2
3410 7
3411 2
3412 5
3413 9
3414 8
3415 2
3416 10
3417 2
3418 10
3419 4
3420 2
3421 7
3422 7
3423 8
3424 7
3425 8
3426 7
3427 9
3428 10
3429 8
3430 6
3431 2
3432 2
3433 2
3434 8
3435 10
3436 9
3437 5
3438 9
3439 8
3440 2
3441 7
3442 7
3443 2
3444 8
3445 8
3446 2
3447 2
3448 2
3449 2
3450 2
3451 8
3452 2
3453 6
3454 5
3455 5
3456 4
3457 6
3458 4
3459 2
3460 4
3461 2
3462 5
3463 2
3464 2
3465 2
3466 9
3467 4
3468 10
3469 2
3470 4
3471 3
3472 7
3473 3
3474 13
3475 8
3476 5
3477 7
3478 7
3479 4
3480 2
3481 3
3482 3
3483 2
3484 10
3485 11
3486 7
3487 2
3488 2
3489 5
3490 3
3491 4
3492 2
3493 3
3494 2
3495 9
3496 7
3497 2
3498 6
3499 8
3500 8
3501 2
3502 3
3503 7
3504 2
3505 4
3506 10
3507 3
3508 3
3509 2
3510 4
3511 2
3512 7
3513 4
3514 7
3515 2
3516 6
3517 2
3518 8
3519 8
3520 5
3521 3
3522 3
3523 3
3524 2
3525 6
3526 2
3527 3
3528 4
3529 3
3530 6
3531 4
3532 3
3533 3
3534 2
3535 2
3536 8
3537 2
3538 5
3539 10
3540 4
3541 3
3542 3
3543 9
3544 2
3545 4
3546 2
3547 6
3548 5
3549 5
3550 8
3551 6
3552 5
3553 7
3554 3
3555 2
3556 2
3557 2
3558 3
3559 8
3560 2
3561 2
3562 2
3563 7
3564 6
3565 8
3566 8
3567 9
3568 8
3569 5
3570 3
3571 4
3572 7
3573 7
3574 2
3575 4
3576 3
3577 3
3578 9
3579 5
3580 5
3581 5
3582 11
3583 7
3584 8
3585 2
3586 3
3587 7
3588 5
3589 2
3590 7
3591 8
3592 2
3593 3
3594 3
3595 2
3596 6
3597 6
3598 8
3599 3
3600 7
3601 5
3602 5
3603 7
3604 2
3605 2
3606 2
3607 2
3608 5
3609 2
3610 11
3611 3
3612 2
3613 3
3614 9
3615 6
3616 8
3617 9
3618 9
3619 4
3620 9
3621 8
3622 8
3623 7
3624 7
3625 6
3626 3
3627 3
3628 7
3629 2
3630 11
3631 6
3632 8
3633 7
3634 6
3635 3
3636 3
3637 8
3638 4
3639 2
3640 3
3641 2
3642 9
3643 2
3644 6
3645 11
3646 9
3647 2
3648 2
3649 7
3650 5
3651 3
3652 3
3653 8
3654 18
3655 6
3656 2
3657 4
3658 4
3659 6
3660 7
3661 4
3662 9
3663 3
3664 2
3665 2
3666 2
3667 9
3668 4
3669 3
3670 8
3671 2
3672 7
3673 6
3674 2
3675 2
3676 6
3677 7
3678 4
3679 2
3680 7
3681 7
3682 3
3683 8
3684 3
3685 8
3686 2
3687 7
3688 6
3689 7
3690 3
3691 2
3692 2
3693 2
3694 3
3695 5
3696 2
3697 9
3698 2
3699 2
3700 6
3701 2
3702 5
3703 6
3704 2
3705 7
3706 7
3707 3
3708 4
3709 7
3710 2
3711 8
3712 4
3713 4
3714 2
3715 9
3716 7
3717 7
3718 7
3719 2
3720 8
3721 6
3722 4
3723 2
3724 2
3725 2
3726 11
3727 8
3728 6
3729 7
3730 2
3731 7
3732 8
3733 2
3734 2
3735 4
3736 7
3737 4
3738 2
3739 12
3740 2
3741 6
3742 7
3743 5
3744 7
3745 7
3746 2
3747 2
3748 5
3749 3
3750 6
3751 2
3752 4
3753 2
3754 5
3755 4
3756 2
3757 8
3758 8
3759 3
3760 7
3761 2
3762 2
3763 3
3764 2
3765 9
3766 2
3767 4
3768 3
3769 9
3770 2
3771 2
3772 8
3773 2
3774 7
3775 8
3776 2
3777 5
3778 4
3779 2
3780 7
3781 2
3782 2
3783 7
3784 5
3785 7
3786 3
3787 4
3788 2
3789 8
3790 7
3791 21
3792 3
3793 7
3794 2
3795 11
3796 2
3797 2
3798 7
3799 7
3800 2
3801 2
3802 4
3803 3
3804 2
3805 2
3806 3
3807 2
3808 4
3809 9
3810 9
3811 2
3812 5
3813 4
3814 8
3815 3
3816 7
3817 2
3818 12
3819 4
3820 5
3821 3
3822 4
3823 7
3824 7
3825 8
3826 7
3827 7
3828 8
3829 2
3830 4
3831 2
3832 5
3833 4
3834 7
3835 2
3836 8
3837 3
3838 8
3839 6
3840 4
3841 10
3842 8
3843 8
3844 8
3845 7
3846 3
3847 9
3848 10
3849 3
3850 8
3851 2
3852 2
3853 2
3854 3
3855 9
3856 2
3857 11
3858 3
3859 2
3860 12
3861 3
3862 2
3863 2
3864 2
3865 8
3866 7
3867 7
3868 11
3869 2
3870 8
3871 5
3872 3
3873 4
3874 2
3875 2
3876 7
3877 4
3878 9
3879 8
3880 6
3881 6
3882 4
3883 6
3884 3
3885 2
3886 4
3887 5
3888 2
3889 4
3890 2
3891 7
3892 4
3893 3
3894 9
3895 9
3896 2
3897 7
3898 7
3899 3
3900 5
3901 2
3902 7
3903 8
3904 2
3905 4
3906 5
3907 5
3908 2
3909 7
3910 8
3911 2
3912 9
3913 9
3914 8
3915 2
3916 2
3917 3
3918 9
3919 8
3920 2
3921 7
3922 2
3923 9
3924 11
3925 6
3926 4
3927 4
3928 3
3929 8
3930 7
3931 2
3932 7
3933 8
3934 2
3935 3
3936 7
3937 2
3938 2
3939 3
3940 2
3941 2
3942 9
3943 5
3944 3
3945 3
3946 2
3947 7
3948 6
3949 2
3950 2
3951 9
3952 3
3953 11
3954 5
3955 5
3956 2
3957 8
3958 3
3959 2
3960 3
3961 21
3962 2
3963 10
3964 5
3965 2
3966 2
3967 10
3968 2
3969 8
3970 2
3971 3
3972 4
3973 2
3974 4
3975 6
3976 3
3977 5
3978 3
3979 2
3980 3
3981 8
3982 13
3983 3
3984 7
3985 4
3986 4
3987 8
3988 2
3989 7
3990 2
3991 7
3992 4
3993 3
3994 7
3995 10
3996 2
3997 11
3998 2
3999 8
4000 2
4001 2
4002 14
4003 7
4004 4
4005 11
4006 3
4007 2
4008 3
4009 3
4010 6
4011 4
4012 2
4013 2
4014 2
4015 10
4016 6
4017 5
4018 7
4019 5
4020 2
4021 3
4022 2
4023 2
4024 2
4025 4
4026 4
4027 2
4028 2
4029 4
4030 12
4031 3
4032 4
4033 7
4034 5
4035 3
4036 24
4037 3
4038 3
4039 5
4040 6
4041 7
4042 5
4043 8
4044 6
4045 2
4046 9
4047 9
4048 3
4049 5
4050 3
4051 2
4052 9
4053 2
4054 2
4055 2
4056 2
4057 7
4058 4
4059 7
4060 6
4061 7
4062 2
4063 3
4064 2
4065 9
4066 7
4067 6
4068 2
4069 5
4070 3
4071 3
4072 9
4073 5
4074 13
4075 2
4076 3
4077 9
4078 8
4079 7
4080 2
4081 7
4082 2
4083 2
4084 3
4085 2
4086 9
4087 6
4088 5
4089 6
4090 7
4091 9
4092 11
4093 9
4094 7
4095 10
4096 6
4097 5
4098 4
4099 4
4100 5
4101 4
4102 3
4103 5
4104 9
4105 4
4106 3
4107 8
4108 3
4109 7
4110 4
4111 3
4112 3
4113 3
4114 7
4115 2
4116 2
4117 7
4118 7
4119 2
4120 9
4121 6
4122 7
4123 2
4124 7
4125 3
4126 9
4127 8
4128 8
4129 5
4130 2
4131 6
4132 2
4133 2
4134 2
4135 2
4136 9
4137 4
4138 6
4139 5
4140 7
4141 11
4142 8
4143 2
4144 11
4145 15
4146 2
4147 2
4148 3
4149 2
4150 8
4151 2
4152 2
4153 2
4154 2
4155 2
4156 2
4157 8
4158 8
4159 3
4160 7
4161 5
4162 8
4163 6
4164 10
4165 7
4166 9
4167 9
4168 6
4169 3
4170 2
4171 9
4172 2
4173 9
4174 5
4175 10
4176 11
4177 2
4178 7
4179 7
4180 8
4181 3
4182 3
4183 2
4184 2
4185 8
4186 7
4187 9
4188 2
4189 10
4190 3
4191 11
4192 3
4193 5
4194 11
4195 8
4196 4
4197 9
4198 8
4199 4
4200 2
4201 8
4202 8
4203 7
4204 8
4205 6
4206 3
4207 2
4208 9
4209 8
4210 3
4211 8
4212 9
4213 8
4214 8
4215 9
4216 2
4217 8
4218 7
4219 2
4220 2
4221 2
4222 2
4223 5
4224 4
4225 6
4226 7
4227 9
4228 6
4229 7
4230 5
4231 3
4232 7
4233 7
4234 4
4235 5
4236 7
4237 2
4238 9
4239 3
4240 2
4241 2
4242 7
4243 3
4244 3
4245 2
4246 7
4247 11
4248 9
4249 2
4250 11
4251 6
4252 2
4253 2
4254 7
4255 4
4256 7
4257 3
4258 2
4259 7
4260 10
4261 3
4262 3
4263 2
4264 2
4265 3
4266 2
4267 5
4268 8
4269 2
4270 8
4271 10
4272 3
4273 2
4274 5
4275 2
4276 3
4277 2
4278 11
4279 8
4280 4
4281 8
4282 6
4283 3
4284 2
4285 3
4286 8
4287 2
4288 7
4289 9
4290 7
4291 8
4292 3
4293 5
4294 2
4295 8
4296 9
4297 9
4298 3
4299 11
4300 7
4301 2
4302 9
4303 7
4304 3
4305 2
4306 2
4307 2
4308 3
4309 7
4310 9
4311 2
4312 3
4313 2
4314 6
4315 7
4316 2
4317 3
4318 8
4319 2
4320 7
4321 8
4322 2
4323 2
4324 2
4325 8
4326 2
4327 4
4328 4
4329 5
4330 2
4331 9
4332 3
4333 4
4334 7
4335 10
4336 9
4337 8
4338 8
4339 3
4340 2
4341 8
4342 5
4343 4
4344 3
4345 14
4346 3
4347 3
4348 8
4349 2
4350 4
4351 2
4352 3
4353 11
4354 8
4355 7
4356 3
4357 5
4358 6
4359 2
4360 8
4361 3
4362 2
4363 2
4364 2
4365 2
4366 3
4367 3
4368 3
4369 18
4370 3
4371 4
4372 7
4373 9
4374 2
4375 7
4376 5
4377 3
4378 14
4379 3
4380 4
4381 7
4382 2
4383 7
4384 11
4385 7
4386 7
4387 2
4388 7
4389 4
4390 5
4391 8
4392 8
4393 8
4394 2
4395 4
4396 2
4397 2
4398 2
4399 2
4400 2
4401 2
4402 2
4403 2
4404 12
4405 10
4406 2
4407 3
4408 2
4409 7
4410 3
4411 3
4412 9
4413 7
4414 9
4415 4
4416 4
4417 5
4418 3
4419 2
4420 7
4421 4
4422 3
4423 3
4424 2
4425 8
4426 3
4427 6
4428 17
4429 4
4430 23
4431 5
4432 9
4433 3
4434 2
4435 7
4436 7
4437 3
4438 2
4439 8
4440 3
4441 4
4442 7
4443 4
4444 3
4445 3
4446 2
4447 2
4448 9
4449 9
4450 7
4451 9
4452 11
4453 8
4454 2
4455 8
4456 8
4457 3
4458 2
4459 10
4460 6
4461 4
4462 9
4463 3
4464 3
4465 2
4466 7
4467 6
4468 2
4469 2
4470 5
4471 5
4472 2
4473 10
4474 8
4475 6
4476 9
4477 5
4478 7
4479 8
4480 6
4481 3
4482 2
4483 8
4484 7
4485 6
4486 7
4487 5
4488 7
4489 2
4490 3
4491 8
4492 6
4493 6
4494 3
4495 11
4496 4
4497 3
4498 4
4499 5
4500 3
4501 2
4502 3
4503 2
4504 2
4505 2
4506 2
4507 6
4508 7
4509 4
4510 3
4511 2
4512 2
4513 3
4514 8
4515 4
4516 4
4517 3
4518 4
4519 7
4520 3
4521 6
4522 8
4523 9
4524 8
4525 5
4526 8
4527 5
4528 4
4529 6
4530 2
4531 11
4532 2
4533 10
4534 9
4535 5
4536 2
4537 6
4538 2
4539 7
4540 5
4541 2
4542 4
4543 4
4544 2
4545 2
4546 9
4547 3
4548 2
4549 7
4550 3
4551 4
4552 6
4553 9
4554 9
4555 4
4556 3
4557 2
4558 3
4559 2
4560 3
4561 2
4562 7
4563 5
4564 7
4565 2
4566 8
4567 9
4568 5
4569 6
4570 9
4571 4
4572 5
4573 2
4574 4
4575 2
4576 2
4577 8
4578 4
4579 2
4580 4
4581 3
4582 3
4583 8
4584 4
4585 4
4586 2
4587 2
4588 2
4589 8
4590 6
4591 7
4592 3
4593 3
4594 2
4595 9
4596 6
4597 7
4598 8
4599 2
4600 8
4601 3
4602 4
4603 2
4604 2
4605 8
4606 2
4607 6
4608 3
4609 8
4610 3
4611 2
4612 2
4613 3
4614 5
4615 8
4616 2
4617 5
4618 9
4619 3
4620 5
4621 2
4622 3
4623 2
4624 10
4625 2
4626 2
4627 8
4628 8
4629 2
4630 7
4631 3
4632 3
4633 8
4634 3
4635 3
4636 3
4637 4
4638 3
4639 3
4640 9
4641 2
4642 2
4643 7
4644 2
4645 2
4646 3
4647 7
4648 2
4649 7
4650 4
4651 7
4652 4
4653 9
4654 5
4655 7
4656 3
4657 7
4658 4
4659 7
4660 2
4661 4
4662 5
4663 7
4664 3
4665 3
4666 8
4667 7
4668 2
4669 2
4670 3
4671 9
4672 3
4673 2
4674 2
4675 3
4676 11
4677 12
4678 8
4679 10
4680 8
4681 3
4682 5
4683 3
4684 2
4685 8
4686 6
4687 9
4688 3
4689 8
4690 3
4691 2
4692 3
4693 2
4694 6
4695 8
4696 2
4697 3
4698 5
4699 9
4700 3
4701 2
4702 3
4703 6
4704 2
4705 8
4706 5
4707 5
4708 7
4709 9
4710 3
4711 2
4712 2
4713 2
4714 4
4715 10
4716 8
4717 3
4718 3
4719 2
4720 9
4721 8
4722 2
4723 7
4724 3
4725 8
4726 2
4727 2
4728 6
4729 7
4730 8
4731 3
4732 7
4733 3
4734 3
4735 2
4736 5
4737 2
4738 2
4739 4
4740 2
4741 8
4742 7
4743 2
4744 3
4745 2
4746 8
4747 8
4748 3
4749 3
4750 8
4751 2
4752 2
4753 3
4754 2
4755 6
4756 2
4757 8
4758 7
4759 7
4760 2
4761 2
4762 7
4763 2
4764 2
4765 8
4766 3
4767 11
4768 6
4769 6
4770 2
4771 2
4772 2
4773 2
4774 2
4775 2
4776 2
4777 2
4778 2
4779 2
4780 2
4781 7
4782 2
4783 4
4784 3
4785 2
4786 2
4787 4
4788 9
4789 2
4790 7
4791 2
4792 7
4793 2
4794 5
4795 7
4796 5
4797 5
4798 2
4799 7
4800 2
4801 2
4802 2
4803 3
4804 3
4805 4
4806 7
4807 7
4808 3
4809 2
4810 3
4811 6
4812 6
4813 7
4814 2
4815 9
4816 6
4817 4
4818 3
4819 2
4820 3
4821 8
4822 3
4823 9
4824 2
4825 7
4826 2
4827 2
4828 9
4829 8
4830 7
4831 8
4832 9
4833 3
4834 3
4835 3
4836 5
4837 2
4838 9
4839 7
4840 3
4841 7
4842 9
4843 8
4844 9
4845 7
4846 4
4847 7
4848 6
4849 2
4850 3
4851 2
4852 8
4853 8
4854 2
4855 2
4856 3
4857 2
4858 3
4859 2
4860 3
4861 2
4862 4
4863 2
4864 5
4865 2
4866 2
4867 3
4868 7
4869 2
4870 2
4871 3
4872 3
4873 7
4874 7
4875 2
4876 10
4877 9
4878 2
4879 2
4880 4
4881 9
4882 2
4883 2
4884 2
4885 8
4886 2
4887 9
4888 4
4889 7
4890 3
4891 2
4892 2
4893 3
4894 2
4895 2
4896 2
4897 2
4898 2
4899 8
4900 3
4901 8
4902 2
4903 2
4904 2
4905 7
4906 4
4907 3
4908 3
4909 7
4910 3
4911 2
4912 10
4913 4
4914 2
4915 2
4916 8
4917 9
4918 2
4919 9
4920 2
4921 3
4922 2
4923 7
4924 7
4925 8
4926 4
4927 2
4928 5
4929 9
4930 7
4931 4
4932 2
4933 8
4934 2
4935 2
4936 8
4937 9
4938 7
4939 8
4940 6
4941 7
4942 5
4943 5
4944 8
4945 8
4946 2
4947 4
4948 2
4949 2
4950 2
4951 2
4952 3
4953 4
4954 14
4955 6
4956 2
4957 2
4958 2
4959 3
4960 2
4961 3
4962 9
4963 2
4964 3
4965 9
4966 6
4967 3
4968 4
4969 2
4970 2
4971 2
4972 10
4973 2
4974 5
4975 7
4976 4
4977 2
4978 5
4979 5
4980 2
4981 6
4982 4
4983 9
4984 4
4985 9
4986 7
4987 2
4988 4
4989 2
4990 2
4991 3
4992 2
4993 2
4994 2
4995 9
4996 2
4997 14
4998 3
4999 7
5000 6
5001 5
5002 8
5003 2
5004 3
5005 11
5006 2
5007 2
5008 7
5009 4
5010 9
5011 13
5012 3
5013 4
5014 7
5015 2
5016 2
5017 2
5018 7
5019 2
5020 3
5021 2
5022 9
5023 3
5024 2
5025 4
5026 11
5027 8
5028 2
5029 10
5030 3
5031 2
5032 3
5033 7
5034 7
5035 7
5036 5
5037 4
5038 2
5039 5
5040 2
5041 5
5042 7
5043 8
5044 10
5045 7
5046 3
5047 2
5048 8
5049 8
5050 2
5051 2
5052 7
5053 7
5054 3
5055 7
5056 9
5057 8
5058 7
5059 7
5060 2
5061 2
5062 2
5063 2
5064 2
5065 2
5066 9
5067 8
5068 11
5069 2
5070 8
5071 3
5072 2
5073 2
5074 4
5075 2
5076 7
5077 5
5078 2
5079 2
5080 2
5081 2
5082 3
5083 4
5084 7
5085 3
5086 7
5087 10
5088 6
5089 8
5090 6
5091 6
5092 2
5093 2
5094 11
5095 2
5096 3
5097 4
5098 10
5099 3
5100 3
5101 2
5102 5
5103 5
5104 13
5105 2
5106 3
5107 2
5108 4
5109 3
5110 9
5111 2
5112 10
5113 8
5114 2
5115 2
5116 2
5117 7
5118 3
5119 4
5120 2
5121 2
5122 7
5123 7
5124 8
5125 9
5126 3
5127 4
5128 2
5129 2
5130 3
5131 2
5132 7
5133 2
5134 9
5135 2
5136 7
5137 2
5138 2
5139 3
5140 9
5141 2
5142 2
5143 7
5144 2
5145 4
5146 8
5147 8
5148 2
5149 7
5150 7
5151 9
5152 2
5153 8
5154 3
5155 4
5156 7
5157 9
5158 3
5159 2
5160 2
5161 2
5162 8
5163 7
5164 7
5165 3
5166 2
5167 7
5168 3
5169 2
5170 8
5171 8
5172 4
5173 2
5174 2
5175 9
5176 4
5177 3
5178 3
5179 2
5180 2
5181 2
5182 2
5183 6
5184 3
5185 2
5186 5
5187 2
5188 7
5189 2
5190 2
5191 7
5192 3
5193 8
5194 8
5195 5
5196 9
5197 6
5198 2
5199 3
5200 2
5201 2
5202 8
5203 9
5204 8
5205 7
5206 8
5207 7
5208 2
5209 3
5210 2
5211 2
5212 2
5213 2
5214 2
5215 2
5216 2
5217 2
5218 3
5219 2
5220 8
5221 9
5222 2
5223 11
5224 5
5225 10
5226 3
5227 8
5228 2
5229 7
5230 7
5231 7
5232 2
5233 3
5234 3
5235 2
5236 2
5237 2
5238 2
5239 2
5240 2
5241 2
5242 2
5243 2
5244 2
5245 2
5246 2
5247 3
5248 2
5249 8
5250 2
5251 3
5252 2
5253 2
5254 7
5255 2
5256 2
5257 4
5258 3
5259 4
5260 3
5261 6
5262 2
5263 2
5264 3
5265 7
5266 2
5267 2
5268 3
5269 2
5270 7
5271 5
5272 7
5273 7
5274 11
5275 2
5276 2
5277 3
5278 2
5279 2
5280 2
5281 9
5282 8
5283 2
5284 6
5285 2
5286 2
5287 2
5288 7
5289 3
5290 7
5291 3
5292 7
5293 3
5294 5
5295 5
5296 9
5297 7
5298 4
5299 3
5300 7
5301 4
5302 9
5303 8
5304 2
5305 3
5306 2
5307 4
5308 2
5309 7
5310 6
5311 3
5312 6
5313 5
5314 2
5315 5
5316 6
5317 8
5318 2
5319 2
5320 9
5321 7
5322 8
5323 3
5324 5
5325 2
5326 8
5327 5
5328 3
5329 11
5330 7
5331 3
5332 8
5333 4
5334 3
5335 5
5336 2
5337 2
5338 11
5339 7
5340 2
5341 2
5342 8
5343 3
5344 6
5345 5
5346 2
5347 3
5348 6
5349 3
5350 6
5351 9
5352 5
5353 2
5354 2
5355 3
5356 2
5357 9
5358 4
5359 2
5360 2
5361 2
5362 2
5363 3
5364 5
5365 2
5366 8
5367 8
5368 3
5369 2
5370 5
5371 4
5372 3
5373 5
5374 4
5375 3
5376 7
5377 6
5378 6
5379 2
5380 2
5381 9
5382 3
5383 2
5384 3
5385 3
5386 3
5387 2
5388 18
5389 9
5390 5
5391 7
5392 6
5393 2
5394 7
5395 6
5396 2
5397 11
5398 8
5399 4
5400 4
5401 8
5402 2
5403 7
5404 2
5405 10
5406 8
5407 4
5408 8
5409 8
5410 8
5411 5
5412 8
5413 7
5414 7
5415 7
5416 3
5417 2
5418 3
5419 2
5420 2
5421 3
5422 8
5423 3
5424 2
5425 4
5426 3
5427 3
5428 2
5429 6
5430 2
5431 3
5432 10
5433 2
5434 6
5435 8
5436 7
5437 2
5438 6
5439 6
5440 2
5441 2
5442 7
5443 2
5444 7
5445 3
5446 2
5447 2
5448 2
5449 2
5450 2
5451 2
5452 2
5453 2
5454 3
5455 2
5456 6
5457 8
5458 2
5459 6
5460 2
5461 4
5462 4
5463 7
5464 2
5465 3
5466 9
5467 6
5468 8
5469 2
5470 3
5471 2
5472 7
5473 9
5474 9
5475 4
5476 9
5477 5
5478 8
5479 3
5480 8
5481 7
5482 12
5483 2
5484 8
5485 9
5486 7
5487 4
5488 2
5489 8
5490 2
5491 7
5492 2
5493 9
5494 3
5495 3
5496 3
5497 2
5498 3
5499 4
5500 8
5501 6
5502 9
5503 2
5504 2
5505 2
5506 2
5507 7
5508 2
5509 2
5510 3
5511 7
5512 2
5513 2
5514 3
5515 2
5516 2
5517 7
5518 2
5519 2
5520 2
5521 2
5522 3
5523 7
5524 8
5525 2
5526 2
5527 9
5528 8
5529 7
5530 6
5531 7
5532 2
5533 7
5534 10
5535 3
5536 3
5537 4
5538 7
5539 7
5540 4
5541 3
5542 9
5543 2
5544 3
5545 6
5546 8
5547 10
5548 8
5549 2
5550 7
5551 9
5552 3
5553 2
5554 9
5555 2
5556 7
5557 2
5558 8
5559 3
5560 8
5561 9
5562 3
5563 2
5564 2
5565 2
5566 3
5567 2
5568 2
5569 2
5570 3
5571 6
5572 9
5573 8
5574 9
5575 3
5576 2
5577 5
5578 6
5579 2
5580 9
5581 3
5582 2
5583 9
5584 8
5585 8
5586 5
5587 3
5588 7
5589 18
5590 5
5591 2
5592 7
5593 6
5594 2
5595 2
5596 3
5597 8
5598 2
5599 7
5600 7
5601 6
5602 3
5603 8
5604 3
5605 2
5606 5
5607 8
5608 6
5609 2
5610 2
5611 7
5612 2
5613 2
5614 2
5615 6
5616 2
5617 7
5618 8
5619 8
5620 8
5621 7
5622 4
5623 3
5624 8
5625 7
5626 4
5627 3
5628 5
5629 2
5630 4
5631 2
5632 2
5633 6
5634 3
5635 4
5636 2
5637 2
5638 8
5639 4
5640 7
5641 2
5642 6
5643 2
5644 2
5645 3
5646 7
5647 5
5648 8
5649 5
5650 3
5651 4
5652 2
5653 2
5654 2
5655 9
5656 4
5657 10
5658 2
5659 7
5660 4
5661 7
5662 3
5663 2
5664 2
5665 9
5666 8
5667 7
5668 6
5669 2
5670 8
5671 4
5672 3
5673 2
5674 2
5675 2
5676 5
5677 8
5678 2
5679 9
5680 5
5681 2
5682 2
5683 4
5684 3
5685 8
5686 2
5687 2
5688 2
5689 7
5690 2
5691 2
5692 2
5693 3
5694 2
5695 3
5696 2
5697 2
5698 2
5699 4
5700 5
5701 4
5702 7
5703 5
5704 2
5705 12
5706 8
5707 3
5708 4
5709 4
5710 8
5711 3
5712 2
5713 3
5714 2
5715 7
5716 3
5717 5
5718 3
5719 6
5720 9
5721 2
5722 9
5723 8
5724 4
5725 2
5726 3
5727 8
5728 2
5729 7
5730 3
5731 6
5732 7
5733 5
5734 2
5735 2
5736 3
5737 2
5738 3
5739 3
5740 10
5741 7
5742 2
5743 2
5744 2
5745 2
5746 3
5747 2
5748 2
5749 5
5750 5
5751 2
5752 2
5753 3
5754 10
5755 8
5756 4
5757 4
5758 5
5759 5
5760 3
5761 4
5762 12
5763 2
5764 2
5765 2
5766 2
5767 2
5768 3
5769 8
5770 2
5771 2
5772 3
5773 7
5774 11
5775 3
5776 2
5777 6
5778 9
5779 8
5780 4
5781 2
5782 2
5783 8
5784 9
5785 2
5786 2
5787 2
5788 7
5789 2
5790 4
5791 9
5792 2
5793 4
5794 6
5795 6
5796 2
5797 7
5798 9
5799 3
5800 3
5801 3
5802 2
5803 6
5804 2
5805 3
5806 4
5807 9
5808 6
5809 3
5810 6
5811 8
5812 2
5813 2
5814 2
5815 8
5816 2
5817 3
5818 2
5819 2
5820 8
5821 2
5822 3
5823 6
5824 2
5825 3
5826 2
5827 2
5828 2
5829 7
5830 2
5831 2
5832 2
5833 7
5834 2
5835 8
5836 7
5837 2
5838 7
5839 2
5840 6
5841 2
5842 2
5843 2
5844 2
5845 2
5846 3
5847 3
5848 8
5849 2
5850 7
5851 11
5852 2
5853 2
5854 3
5855 2
5856 2
5857 5
5858 4
5859 3
5860 6
5861 5
5862 8
5863 8
5864 7
5865 7
5866 3
5867 3
5868 7
5869 9
5870 3
5871 6
5872 2
5873 8
5874 3
5875 2
5876 2
5877 2
5878 7
5879 7
5880 10
5881 7
5882 3
5883 2
5884 2
5885 2
5886 2
5887 2
5888 2
5889 2
5890 2
5891 2
5892 3
5893 3
5894 8
5895 4
5896 2
5897 3
5898 5
5899 2
5900 2
5901 3
5902 4
5903 3
5904 14
5905 3
5906 3
5907 2
5908 2
5909 2
5910 2
5911 3
5912 2
5913 8
5914 5
5915 3
5916 6
5917 9
5918 4
5919 3
5920 8
5921 3
5922 2
5923 7
5924 3
5925 2
5926 4
5927 7
5928 2
5929 3
5930 2
5931 2
5932 10
5933 7
5934 7
5935 9
5936 4
5937 2
5938 4
5939 4
5940 2
5941 8
5942 3
5943 5
5944 6
5945 5
5946 2
5947 2
5948 8
5949 2
5950 2
5951 2
5952 7
5953 4
5954 2
5955 2
5956 4
5957 4
5958 3
5959 3
5960 5
5961 2
5962 6
5963 2
5964 8
5965 7
5966 3
5967 2
5968 8
5969 2
5970 2
5971 4
5972 2
5973 3
5974 10
5975 4
5976 2
5977 2
5978 7
5979 4
5980 3
5981 2
5982 3
5983 7
5984 4
5985 4
5986 8
5987 20
5988 2
5989 4
5990 2
5991 2
5992 2
5993 7
5994 4
5995 6
5996 8
5997 2
5998 2
5999 2
6000 2
6001 6
6002 3
6003 3
6004 9
6005 3
6006 30
6007 8
6008 2
6009 4
6010 8
6011 2
6012 3
6013 6
6014 9
6015 2
6016 6
6017 2
6018 7
6019 3
6020 7
6021 9
6022 9
6023 2
6024 2
6025 2
6026 3
6027 7
6028 8
6029 2
6030 6
6031 3
6032 2
6033 9
6034 7
6035 4
6036 2
6037 2
6038 2
6039 5
6040 2
6041 2
6042 2
6043 2
6044 2
6045 2
6046 3
6047 5
6048 4
6049 3
6050 2
6051 3
6052 2
6053 2
6054 9
6055 9
6056 2
6057 2
6058 2
6059 2
6060 2
6061 2
6062 8
6063 6
6064 3
6065 2
6066 2
6067 7
6068 8
6069 2
6070 7
6071 2
6072 7
6073 7
6074 22
6075 3
6076 4
6077 5
6078 6
6079 2
6080 7
6081 6
6082 6
6083 10
6084 4
6085 10
6086 2
6087 8
6088 3
6089 6
6090 2
6091 7
6092 2
6093 6
6094 2
6095 2
6096 7
6097 3
6098 2
6099 7
6100 3
6101 2
6102 3
6103 3
6104 3
6105 3
6106 2
6107 3
6108 5
6109 7
6110 7
6111 3
6112 3
6113 4
6114 12
6115 2
6116 3
6117 4
6118 4
6119 2
6120 3
6121 7
6122 2
6123 2
6124 2
6125 7
6126 9
6127 2
6128 5
6129 7
6130 2
6131 2
6132 9
6133 2
6134 3
6135 3
6136 3
6137 2
6138 2
6139 2
6140 6
6141 2
6142 2
6143 2
6144 7
6145 8
6146 2
6147 3
6148 2
6149 2
6150 2
6151 2
6152 7
6153 2
6154 6
6155 7
6156 2
6157 2
6158 2
6159 11
6160 3
6161 2
6162 8
6163 2
6164 8
6165 9
6166 8
6167 8
6168 2
6169 2
6170 2
6171 2
6172 2
6173 8
6174 2
6175 3
6176 7
6177 2
6178 3
6179 8
6180 2
6181 2
6182 2
6183 7
6184 2
6185 4
6186 2
6187 9
6188 2
6189 3
6190 2
6191 2
6192 2
6193 2
6194 8
6195 8
6196 4
6197 4
6198 7
6199 8
6200 2
6201 2
6202 2
6203 5
6204 8
6205 6
6206 8
6207 4
6208 2
6209 2
6210 2
6211 2
6212 2
6213 3
6214 2
6215 3
6216 4
6217 3
6218 8
6219 9
6220 2
6221 2
6222 8
6223 2
6224 7
6225 4
6226 7
6227 8
6228 12
6229 2
6230 2
6231 2
6232 4
6233 4
6234 8
6235 2
6236 6
6237 9
6238 7
6239 7
6240 5
6241 4
6242 7
6243 2
6244 9
6245 3
6246 4
6247 8
6248 2
6249 7
6250 10
6251 2
6252 2
6253 2
6254 2
6255 3
6256 8
6257 2
6258 3
6259 2
6260 6
6261 2
6262 2
6263 7
6264 2
6265 10
6266 9
6267 2
6268 2
6269 6
6270 2
6271 8
6272 2
6273 2
6274 6
6275 8
6276 11
6277 10
6278 6
6279 9
6280 3
6281 10
6282 4
6283 2
6284 3
6285 6
6286 5
6287 8
6288 3
6289 3
6290 3
6291 3
6292 3
6293 3
6294 2
6295 3
6296 17
6297 8
6298 2
6299 7
6300 2
6301 3
6302 2
6303 3
6304 9
6305 2
6306 2
6307 8
6308 3
6309 4
6310 2
6311 2
6312 8
6313 8
6314 7
6315 2
6316 3
6317 8
6318 2
6319 2
6320 4
6321 2
6322 2
6323 8
6324 10
6325 3
6326 7
6327 2
6328 2
6329 12
6330 8
6331 5
6332 2
6333 2
6334 2
6335 8
6336 2
6337 9
6338 2
6339 6
6340 7
6341 6
6342 2
6343 2
6344 2
6345 7
6346 10
6347 3
6348 2
6349 2
6350 5
6351 8
6352 7
6353 2
6354 8
6355 2
6356 5
6357 2
6358 7
6359 7
6360 7
6361 2
6362 4
6363 2
6364 9
6365 4
6366 7
6367 4
6368 2
6369 7
6370 4
6371 7
6372 3
6373 4
6374 11
6375 2
6376 2
6377 9
6378 6
6379 7
6380 9
6381 6
6382 7
6383 4
6384 3
6385 2
6386 2
6387 2
6388 3
6389 8
6390 3
6391 4
6392 2
6393 2
6394 2
6395 2
6396 2
6397 2
6398 3
6399 3
6400 5
6401 6
6402 7
6403 5
6404 3
6405 4
6406 2
6407 2
6408 5
6409 5
6410 7
6411 8
6412 4
6413 2
6414 2
6415 12
6416 2
6417 2
6418 3
6419 3
6420 5
6421 2
6422 3
6423 4
6424 2
6425 4
6426 2
6427 5
6428 2
6429 3
6430 7
6431 2
6432 4
6433 3
6434 3
6435 2
6436 2
6437 2
6438 3
6439 2
6440 3
6441 2
6442 4
6443 7
6444 7
6445 8
6446 2
6447 8
6448 2
6449 7
6450 2
6451 2
6452 2
6453 2
6454 2
6455 7
6456 2
6457 2
6458 2
6459 2
6460 3
6461 3
6462 3
6463 2
6464 7
6465 7
6466 2
6467 3
6468 2
6469 2
6470 8
6471 8
6472 2
6473 2
6474 9
6475 9
6476 7
6477 2
6478 8
6479 2
6480 7
6481 4
6482 7
6483 3
6484 9
6485 3
6486 3
6487 3
6488 3
6489 7
6490 7
6491 2
6492 3
6493 8
6494 2
6495 3
6496 26
6497 2
6498 4
6499 4
6500 8
6501 2
6502 9
6503 4
6504 8
6505 3
6506 10
6507 2
6508 2
6509 9
6510 2
6511 2
6512 8
6513 5
6514 2
6515 8
6516 3
6517 8
6518 7
6519 8
6520 7
6521 2
6522 7
6523 2
6524 8
6525 2
6526 2
6527 3
6528 2
6529 6
6530 2
6531 6
6532 8
6533 3
6534 6
6535 7
6536 2
6537 7
6538 6
6539 2
6540 7
6541 3
6542 2
6543 7
6544 7
6545 7
6546 4
6547 7
6548 5
6549 2
6550 3
6551 12
6552 2
6553 2
6554 2
6555 10
6556 2
6557 2
6558 2
6559 4
6560 2
6561 4
6562 9
6563 8
6564 4
6565 2
6566 9
6567 2
6568 3
6569 2
6570 6
6571 3
6572 2
6573 3
6574 9
6575 2
6576 3
6577 7
6578 8
6579 2
6580 7
6581 2
6582 2
6583 7
6584 2
6585 9
6586 3
6587 3
6588 2
6589 2
6590 2
6591 9
6592 2
6593 7
6594 2
6595 7
6596 4
6597 9
6598 2
6599 8
6600 8
6601 2
6602 4
6603 5
6604 7
6605 3
6606 3
6607 2
6608 8
6609 7
6610 3
6611 2
6612 2
6613 6
6614 5
6615 2
6616 7
6617 4
6618 3
6619 8
6620 4
6621 2
6622 3
6623 5
6624 2
6625 2
6626 6
6627 2
6628 3
6629 2
6630 2
6631 2
6632 7
6633 2
6634 2
6635 7
6636 7
6637 8
6638 2
6639 10
6640 5
6641 2
6642 2
6643 7
6644 5
6645 2
6646 2
6647 3
6648 4
6649 2
6650 3
6651 3
6652 2
6653 5
6654 10
6655 2
6656 7
6657 8
6658 2
6659 4
6660 3
6661 9
6662 8
6663 8
6664 3
6665 2
6666 4
6667 2
6668 4
6669 2
6670 3
6671 3
6672 2
6673 2
6674 2
6675 7
6676 2
6677 3
6678 2
6679 8
6680 7
6681 2
6682 2
6683 2
6684 6
6685 2
6686 7
6687 3
6688 3
6689 2
6690 2
6691 2
6692 7
6693 9
6694 6
6695 8
6696 7
6697 2
6698 8
6699 9
6700 2
6701 2
6702 2
6703 2
6704 2
6705 8
6706 5
6707 4
6708 8
6709 3
6710 7
6711 4
6712 2
6713 2
6714 3
6715 2
6716 3
6717 8
6718 3
6719 7
6720 3
6721 2
6722 2
6723 2
6724 4
6725 4
6726 3
6727 7
6728 7
6729 7
6730 2
6731 2
6732 4
6733 2
6734 7
6735 4
6736 2
6737 2
6738 9
6739 9
6740 3
6741 4
6742 2
6743 7
6744 2
6745 7
6746 2
6747 7
6748 4
6749 3
6750 2
6751 7
6752 6
6753 7
6754 3
6755 2
6756 7
6757 3
6758 2
6759 2
6760 6
6761 2
6762 4
6763 2
6764 2
6765 8
6766 3
6767 3
6768 9
6769 8
6770 2
6771 4
6772 3
6773 8
6774 3
6775 7
6776 2
6777 2
6778 3
6779 2
6780 2
6781 6
6782 3
6783 3
6784 2
6785 3
6786 9
6787 6
6788 4
6789 2
6790 2
6791 3
6792 4
6793 2
6794 7
6795 5
6796 2
6797 2
6798 3
6799 2
6800 7
6801 13
6802 2
6803 11
6804 2
6805 7
6806 3
6807 7
6808 2
6809 4
6810 2
6811 2
6812 2
6813 2
6814 9
6815 3
6816 2
6817 6
6818 8
6819 8
6820 9
6821 8
6822 6
6823 2
6824 3
6825 3
6826 7
6827 3
6828 8
6829 6
6830 7
6831 2
6832 7
6833 2
6834 4
6835 2
6836 4
6837 2
6838 3
6839 9
6840 4
6841 2
6842 2
6843 4
6844 2
6845 2
6846 2
6847 2
6848 4
6849 2
6850 6
6851 2
6852 3
6853 2
6854 7
6855 5
6856 2
6857 2
6858 2
6859 2
6860 3
6861 2
6862 2
6863 2
6864 2
6865 2
6866 2
6867 5
6868 2
6869 2
6870 2
6871 4
6872 2
6873 2
6874 4
6875 7
6876 2
6877 2
6878 9
6879 2
6880 2
6881 2
6882 3
6883 7
6884 2
6885 7
6886 6
6887 7
6888 2
6889 2
6890 2
6891 6
6892 2
6893 2
6894 2
6895 2
6896 3
6897 4
6898 2
6899 8
6900 2
6901 6
6902 7
6903 3
6904 2
6905 6
6906 3
6907 6
6908 7
6909 2
6910 3
6911 2
6912 3
6913 2
6914 2
6915 2
6916 8
6917 8
6918 2
6919 2
6920 4
6921 4
6922 2
6923 2
6924 7
6925 2
6926 8
6927 2
6928 9
6929 6
6930 3
6931 2
6932 2
6933 3
6934 2
6935 2
6936 2
6937 3
6938 8
6939 4
6940 3
6941 9
6942 2
6943 3
6944 4
6945 2
6946 7
6947 6
6948 5
6949 6
6950 2
6951 4
6952 5
6953 2
6954 8
6955 2
6956 6
6957 3
6958 2
6959 2
6960 2
6961 2
6962 2
6963 2
6964 2
6965 2
6966 2
6967 6
6968 2
6969 2
6970 5
6971 3
6972 3
6973 8
6974 6
6975 2
6976 3
6977 2
6978 2
6979 7
6980 2
6981 2
6982 2
6983 9
6984 2
6985 7
6986 2
6987 2
6988 2
6989 2
6990 2
6991 6
6992 2
6993 2
6994 2
6995 7
6996 2
6997 4
6998 3
6999 2
7000 3
7001 2
7002 2
7003 8
7004 2
7005 4
7006 2
7007 2
7008 7
7009 2
7010 2
7011 5
7012 6
7013 2
7014 3
7015 8
7016 5
7017 8
7018 4
7019 2
7020 2
7021 2
7022 3
7023 2
7024 6
7025 2
7026 2
7027 2
7028 2
7029 7
7030 8
7031 5
7032 2
7033 7
7034 3
7035 3
7036 2
7037 2
7038 4
7039 3
7040 2
7041 2
7042 2
7043 7
7044 3
7045 9
7046 2
7047 7
7048 3
7049 4
7050 2
7051 2
7052 2
7053 2
7054 2
7055 8
7056 8
7057 10
7058 2
7059 4
7060 6
7061 9
7062 2
7063 7
7064 7
7065 2
7066 8
7067 2
7068 2
7069 7
7070 3
7071 3
7072 7
7073 3
7074 6
7075 8
7076 7
7077 2
7078 4
7079 4
7080 2
7081 3
7082 2
7083 7
7084 2
7085 2
7086 2
7087 6
7088 2
7089 2
7090 6
7091 2
7092 3
7093 4
7094 2
7095 6
7096 8
7097 2
7098 8
7099 2
7100 2
7101 2
7102 2
7103 7
7104 2
7105 2
7106 2
7107 7
7108 2
7109 2
7110 2
7111 3
7112 2
7113 4
7114 3
7115 7
7116 3
7117 6
7118 2
7119 2
7120 3
7121 2
7122 3
7123 4
7124 6
7125 2
7126 2
7127 2
7128 3
7129 2
7130 2
7131 2
7132 2
7133 6
7134 2
7135 4
7136 3
7137 3
7138 3
7139 2
7140 3
7141 7
7142 2
7143 2
7144 3
7145 6
7146 3
7147 2
7148 2
7149 8
7150 7
7151 4
7152 10
7153 2
7154 4
7155 2
7156 2
7157 2
7158 8
7159 3
7160 2
7161 2
7162 2
7163 7
7164 2
7165 3
7166 8
7167 2
7168 6
7169 3
7170 4
7171 2
7172 2
7173 4
7174 2
7175 3
7176 2
7177 6
7178 7
7179 9
7180 2
7181 2
7182 2
7183 2
7184 2
7185 7
7186 2
7187 7
7188 10
7189 7
7190 2
7191 6
7192 2
7193 3
7194 2
7195 6
7196 2
7197 4
7198 2
7199 4
7200 2
7201 6
7202 7
7203 3
7204 3
7205 2
7206 2
7207 7
7208 2
7209 9
7210 9
7211 8
7212 8
7213 3
7214 7
7215 6
7216 2
7217 9
7218 7
7219 5
7220 6
7221 8
7222 6
7223 2
7224 2
7225 2
7226 8
7227 2
7228 6
7229 4
7230 2
7231 2
7232 2
7233 6
7234 5
7235 2
7236 2
7237 3
7238 7
7239 7
7240 2
7241 4
7242 2
7243 2
7244 2
7245 2
7246 2
7247 2
7248 2
7249 2
7250 4
7251 4
7252 2
7253 7
7254 4
7255 8
7256 6
7257 7
7258 2
7259 2
7260 6
7261 2
7262 2
7263 2
7264 2
7265 3
7266 2
7267 2
7268 2
7269 3
7270 2
7271 2
7272 3
7273 3
7274 2
7275 2
7276 2
7277 6
7278 2
7279 7
7280 2
7281 7
7282 3
7283 2
7284 7
7285 2
7286 7
7287 2
7288 2
7289 3
7290 3
7291 4
7292 2
7293 2
7294 7
7295 2
7296 2
7297 3
7298 5
7299 2
7300 5
7301 3
7302 7
7303 8
7304 2
7305 7
7306 2
7307 3
7308 4
7309 2
7310 2
7311 2
7312 7
7313 2
7314 3
7315 7
7316 4
7317 2
7318 7
7319 5
7320 2
7321 5
7322 6
7323 6
7324 2
7325 2
7326 9
7327 2
7328 3
7329 3
7330 2
7331 6
7332 7
7333 2
7334 7
7335 2
7336 2
7337 2
7338 2
7339 2
7340 2
7341 2
7342 3
7343 2
7344 3
7345 6
7346 7
7347 2
7348 8
7349 5
7350 2
7351 2
7352 3
7353 3
7354 8
7355 2
7356 2
7357 2
7358 4
7359 7
7360 3
7361 7
7362 2
7363 6
7364 7
7365 8
7366 2
7367 2
7368 8
7369 2
7370 2
7371 4
7372 6
7373 3
7374 9
7375 8
7376 2
7377 2
7378 7
7379 3
7380 3
7381 2
7382 2
7383 7
7384 7
7385 3
7386 2
7387 2
7388 2
7389 7
7390 2
7391 7
7392 3
7393 2
7394 3
7395 8
7396 2
7397 4
7398 2
7399 7
7400 2
7401 9
7402 3
7403 3
7404 2
7405 8
7406 11
7407 2
7408 4
7409 4
7410 8
7411 3
7412 7
7413 7
7414 2
7415 7
7416 2
7417 8
7418 7
7419 8
7420 2
7421 7
7422 2
7423 8
7424 3
7425 9
7426 7
7427 2
7428 6
7429 7
7430 2
7431 9
7432 6
7433 7
7434 2
7435 8
7436 6
7437 2
7438 2
7439 2
7440 2
7441 3
7442 3
7443 8
7444 2
7445 2
7446 3
7447 7
7448 2
7449 2
7450 2
7451 7
7452 2
7453 6
7454 2
7455 7
7456 9
7457 2
7458 2
7459 5
7460 2
7461 2
7462 8
7463 4
7464 2
7465 2
7466 7
7467 2
7468 2
7469 7
7470 3
7471 3
7472 5
7473 7
7474 4
7475 7
7476 9
7477 2
7478 2
7479 2
7480 7
7481 2
7482 6
7483 2
7484 2
7485 7
7486 3
7487 2
7488 5
7489 7
7490 2
7491 6
7492 8
7493 3
7494 3
7495 2
7496 2
7497 6
7498 7
7499 2
7500 9
7501 7
7502 9
7503 2
7504 2
7505 2
7506 7
7507 2
7508 2
7509 7
7510 2
7511 6
7512 2
7513 7
7514 8
7515 7
7516 9
7517 7
7518 2
7519 2
7520 2
7521 2
7522 2
7523 6
7524 3
7525 2
7526 2
7527 2
7528 3
7529 2
7530 6
7531 6
7532 2
7533 2
7534 2
7535 4
7536 4
7537 2
7538 3
7539 4
7540 3
7541 5
7542 6
7543 2
7544 2
7545 9
7546 2
7547 7
7548 3
7549 5
7550 6
7551 2
7552 2
7553 7
7554 2
7555 3
7556 3
7557 6
7558 7
7559 9
7560 2
7561 2
7562 3
7563 8
7564 5
7565 6
7566 2
7567 2
7568 2
7569 4
7570 6
7571 2
7572 8
7573 9
7574 3
7575 7
7576 3
7577 7
7578 7
7579 4
7580 2
7581 7
7582 7
7583 3
7584 6
7585 7
7586 2
7587 2
7588 2
7589 2
7590 2
7591 7
7592 6
7593 2
7594 2
7595 7
7596 7
7597 3
7598 8
7599 2
7600 2
7601 2
7602 8
7603 2
7604 2
7605 8
7606 2
7607 7
7608 7
7609 7
7610 2
7611 2
7612 7
7613 6
7614 2
7615 2
7616 4
7617 7
7618 2
7619 2
7620 2
7621 8
7622 2
7623 3
7624 8
7625 2
7626 2
7627 6
7628 2
7629 2
7630 2
7631 8
7632 7
7633 4
7634 2
7635 6
7636 2
7637 7
7638 8
7639 2
7640 2
7641 2
7642 3
7643 2
7644 6
7645 2
7646 4
7647 4
7648 3
7649 8
7650 2
7651 6
7652 2
7653 2
7654 2
7655 2
7656 2
7657 3
7658 3
7659 3
7660 2
7661 2
7662 5
7663 3
7664 2
7665 2
7666 2
7667 2
7668 2
7669 2
7670 2
7671 2
7672 2
7673 2
7674 2
7675 7
7676 2
7677 2
7678 2
7679 2
7680 2
7681 2
7682 2
7683 2
7684 2
7685 7
7686 2
7687 2
7688 2
7689 2
7690 2
7691 2
7692 2
7693 2
7694 2
7695 3
7696 10
7697 2
7698 2
7699 2
7700 7
7701 4
7702 2
7703 2
7704 5
7705 2
7706 4
7707 2
7708 7
7709 3
7710 3
7711 3
7712 8
7713 2
7714 2
7715 11
7716 2
7717 6
7718 9
7719 2
7720 7
7721 2
7722 3
7723 6
7724 7
7725 9
7726 8
7727 8
7728 7
7729 2
7730 3
7731 7
7732 7
7733 3
7734 2
7735 2
7736 4
7737 2
7738 2
7739 3
7740 2
7741 3
7742 2
7743 2
7744 2
7745 3
7746 3
7747 2
7748 3
7749 6
7750 2
7751 2
7752 7
7753 3
7754 12
7755 6
7756 2
7757 7
7758 2
7759 2
7760 2
7761 6
7762 5
7763 2
7764 2
7765 4
7766 7
7767 2
7768 2
7769 7
7770 2
7771 2
7772 2
7773 2
7774 5
7775 4
7776 4
7777 2
7778 2
7779 3
7780 2
7781 12
7782 7
7783 2
7784 2
7785 4
7786 3
7787 6
7788 2
7789 7
7790 8
7791 7
7792 2
7793 8
7794 10
7795 7
7796 2
7797 2
7798 5
7799 3
7800 2
7801 2
7802 2
7803 2
7804 4
7805 7
7806 7
7807 11
7808 2
7809 2
7810 2
7811 7
7812 2
7813 2
7814 2
7815 9
7816 2
7817 5
7818 3
7819 2
7820 7
7821 2
7822 7
7823 2
7824 2
7825 2
7826 3
7827 2
7828 2
7829 2
7830 5
7831 7
7832 6
7833 2
7834 2
7835 2
7836 14
7837 2
7838 8
7839 3
7840 2
7841 2
7842 3
7843 2
7844 2
7845 2
7846 2
7847 8
7848 7
7849 2
7850 7
7851 7
7852 2
7853 2
7854 7
7855 2
7856 2
7857 7
7858 6
7859 3
7860 6
7861 7
7862 3
7863 7
7864 2
7865 6
7866 2
7867 3
7868 2
7869 2
7870 8
7871 2
7872 2
7873 3
7874 2
7875 2
7876 3
7877 8
7878 2
7879 3
7880 7
7881 7
7882 8
7883 2
7884 8
7885 2
7886 2
7887 7
7888 4
7889 2
7890 2
7891 3
7892 7
7893 2
7894 7
7895 2
7896 3
7897 3
7898 4
7899 3
7900 3
7901 2
7902 2
7903 8
7904 4
7905 2
7906 3
7907 8
7908 2
7909 3
7910 7
7911 2
7912 7
7913 9
7914 2
7915 6
7916 2
7917 7
7918 2
7919 3
7920 2
7921 2
7922 3
7923 7
7924 8
7925 2
7926 8
7927 2
7928 3
7929 4
7930 2
7931 4
7932 2
7933 2
7934 2
7935 2
7936 2
7937 2
7938 4
7939 2
7940 3
7941 2
7942 2
7943 3
7944 6
7945 2
7946 7
7947 2
7948 6
7949 2
7950 2
7951 2
7952 7
7953 2
7954 2
7955 2
7956 7
7957 2
7958 8
7959 7
7960 2
7961 3
7962 2
7963 7
7964 4
7965 8
7966 2
7967 4
7968 7
7969 3
7970 2
7971 8
7972 2
7973 2
7974 3
7975 2
7976 7
7977 2
7978 3
7979 2
7980 2
7981 7
7982 3
7983 7
7984 2
7985 9
7986 2
7987 3
7988 2
7989 2
7990 2
7991 2
7992 7
7993 2
7994 2
7995 2
7996 2
7997 8
7998 3
7999 2
8000 2
8001 2
8002 8
8003 3
8004 2
8005 2
8006 2
8007 2
8008 2
8009 3
8010 9
8011 2
8012 2
8013 6
8014 2
8015 2
8016 2
8017 7
8018 8
8019 2
8020 2
8021 2
8022 8
8023 2
8024 2
8025 3
8026 6
8027 3
8028 6
8029 4
8030 6
8031 3
8032 2
8033 3
8034 2
8035 6
8036 6
8037 7
8038 7
8039 2
8040 2
8041 2
8042 8
8043 7
8044 2
8045 2
8046 4
8047 6
8048 7
8049 6
8050 2
8051 7
8052 7
8053 2
8054 2
8055 2
8056 2
8057 7
8058 2
8059 7
8060 4
8061 3
8062 2
8063 7
8064 7
8065 2
8066 4
8067 2
8068 2
8069 2
8070 2
8071 2
8072 8
8073 6
8074 2
8075 7
8076 2
8077 11
8078 2
8079 6
8080 2
8081 11
8082 6
8083 7
8084 3
8085 3
8086 3
8087 7
8088 6
8089 2
8090 6
8091 9
8092 2
8093 3
8094 2
8095 3
8096 2
8097 6
8098 2
8099 3
8100 3
8101 8
8102 4
8103 2
8104 2
8105 3
8106 2
8107 2
8108 2
8109 2
8110 2
8111 2
8112 6
8113 2
8114 2
8115 2
8116 7
8117 3
8118 5
8119 2
8120 2
8121 4
8122 2
8123 6
8124 2
8125 2
8126 2
8127 3
8128 4
8129 2
8130 2
8131 7
8132 2
8133 2
8134 7
8135 2
8136 2
8137 2
8138 8
8139 2
8140 8
8141 2
8142 2
8143 7
8144 6
8145 7
8146 3
8147 8
8148 3
8149 2
8150 2
8151 2
8152 2
8153 4
8154 2
8155 2
8156 7
8157 2
8158 4
8159 2
8160 4
8161 2
8162 7
8163 2
8164 2
8165 4
8166 3
8167 3
8168 7
8169 2
8170 3
8171 8
8172 7
8173 2
8174 9
8175 8
8176 2
8177 2
8178 2
8179 2
8180 4
8181 2
8182 3
8183 8
8184 3
8185 2
8186 9
8187 2
8188 7
8189 3
8190 2
8191 3
8192 7
8193 2
8194 2
8195 2
8196 9
8197 7
8198 4
8199 2
8200 2
8201 8
8202 2
8203 2
8204 2
8205 6
8206 2
8207 7
8208 2
8209 2
8210 3
8211 2
8212 2
8213 5
8214 8
8215 7
8216 2
8217 4
8218 7
8219 2
8220 2
8221 7
8222 4
8223 6
8224 2
8225 7
8226 2
8227 2
8228 2
8229 9
8230 2
8231 7
8232 2
8233 7
8234 2
8235 4
8236 3
8237 7
8238 4
8239 2
8240 2
8241 7
8242 7
8243 2
8244 2
8245 7
8246 3
8247 2
8248 2
8249 7
8250 2
8251 4
8252 6
8253 5
8254 6
8255 4
8256 2
8257 2
8258 2
8259 2
8260 2
8261 6
8262 6
8263 2
8264 2
8265 3
8266 2
8267 7
8268 2
8269 3
8270 2
8271 2
8272 2
8273 2
8274 7
8275 2
8276 2
8277 2
8278 8
8279 2
8280 2
8281 9
8282 2
8283 7
8284 2
8285 6
8286 2
8287 3
8288 9
8289 2
8290 6
8291 3
8292 6
8293 2
8294 5
8295 3
8296 2
8297 8
8298 7
8299 3
8300 2
8301 2
8302 5
8303 2
8304 2
8305 2
8306 8
8307 4
8308 3
8309 8
8310 2
8311 2
8312 7
8313 2
8314 4
8315 3
8316 7
8317 6
8318 2
8319 2
8320 2
8321 2
8322 2
8323 2
8324 5
8325 2
8326 2
8327 3
8328 2
8329 2
8330 2
8331 6
8332 2
8333 3
8334 3
8335 9
8336 3
8337 3
8338 2
8339 2
8340 7
8341 3
8342 2
8343 7
8344 2
8345 3
8346 3
8347 3
8348 3
8349 7
8350 6
8351 2
8352 2
8353 5
8354 7
8355 7
8356 6
8357 2
8358 3
8359 2
8360 2
8361 2
8362 2
8363 2
8364 3
8365 7
8366 2
8367 4
8368 7
8369 6
8370 2
8371 8
8372 2
8373 5
8374 2
8375 8
8376 2
8377 2
8378 2
8379 2
8380 2
8381 2
8382 2
8383 6
8384 2
8385 5
8386 3
8387 7
8388 6
8389 2
8390 6
8391 2
8392 3
8393 2
8394 3
8395 6
8396 2
8397 2
8398 2
8399 5
8400 7
8401 8
8402 2
8403 2
8404 2
8405 2
8406 9
8407 2
8408 4
8409 2
8410 2
8411 2
8412 2
8413 2
8414 6
8415 2
8416 6
8417 6
8418 4
8419 2
8420 7
8421 2
8422 2
8423 4
8424 6
8425 2
8426 2
8427 2
8428 9
8429 7
8430 2
8431 3
8432 2
8433 2
8434 2
8435 3
8436 7
8437 4
8438 7
8439 3
8440 2
8441 8
8442 2
8443 2
8444 3
8445 2
8446 2
8447 8
8448 2
8449 2
8450 2
8451 7
8452 7
8453 4
8454 2
8455 2
8456 2
8457 2
8458 3
8459 2
8460 3
8461 7
8462 7
8463 7
8464 2
8465 4
8466 2
8467 2
8468 7
8469 2
8470 2
8471 5
8472 7
8473 7
8474 2
8475 3
8476 9
8477 6
8478 7
8479 2
8480 6
8481 6
8482 7
8483 3
8484 2
8485 2
8486 2
8487 2
8488 2
8489 2
8490 7
8491 2
8492 2
8493 2
8494 2
8495 3
8496 6
8497 2
8498 2
8499 2
8500 2
8501 7
8502 7
8503 2
8504 2
8505 3
8506 7
8507 7
8508 7
8509 13
8510 7
8511 2
8512 4
8513 2
8514 3
8515 7
8516 2
8517 2
8518 2
8519 2
8520 2
8521 6
8522 2
8523 5
8524 5
8525 2
8526 3
8527 7
8528 6
8529 8
8530 2
8531 2
8532 2
8533 2
8534 3
8535 2
8536 7
8537 7
8538 2
8539 2
8540 2
8541 2
8542 2
8543 2
8544 2
8545 2
8546 2
8547 2
8548 7
8549 2
8550 2
8551 2
8552 2
8553 2
8554 2
8555 3
8556 2
8557 3
8558 7
8559 6
8560 6
8561 3
8562 5
8563 7
8564 7
8565 6
8566 8
8567 7
8568 2
8569 7
8570 2
8571 4
8572 2
8573 2
8574 2
8575 7
8576 6
8577 2
8578 2
8579 3
8580 7
8581 7
8582 3
8583 7
8584 2
8585 2
8586 3
8587 3
8588 2
8589 2
8590 2
8591 2
8592 2
8593 2
8594 2
8595 2
8596 2
8597 3
8598 3
8599 6
8600 3
8601 6
8602 8
8603 2
8604 2
8605 7
8606 2
8607 2
8608 4
8609 2
8610 6
8611 2
8612 4
8613 2
8614 7
8615 9
8616 7
8617 7
8618 2
8619 7
8620 9
8621 2
8622 4
8623 7
8624 4
8625 2
8626 2
8627 3
8628 7
8629 2
8630 2
8631 2
8632 4
8633 2
8634 2
8635 2
8636 7
8637 6
8638 2
8639 2
8640 3
8641 2
8642 2
8643 2
8644 10
8645 6
8646 2
8647 2
8648 6
8649 8
8650 9
8651 6
8652 3
8653 2
8654 3
8655 2
8656 2
8657 2
8658 2
8659 2
8660 2
8661 3
8662 3
8663 2
8664 7
8665 7
8666 2
8667 6
8668 2
8669 2
8670 2
8671 2
8672 6
8673 8
8674 2
8675 2
8676 3
8677 2
8678 3
8679 5
8680 6
8681 6
8682 3
8683 2
8684 2
8685 6
8686 7
8687 2
8688 3
8689 4
8690 7
8691 5
8692 2
8693 8
8694 2
8695 2
8696 3
8697 3
8698 3
8699 2
8700 6
8701 3
8702 2
8703 2
8704 2
8705 6
8706 2
8707 2
8708 8
8709 6
8710 2
8711 7
8712 3
8713 3
8714 6
8715 2
8716 2
8717 8
8718 2
8719 6
8720 2
8721 2
8722 2
8723 2
8724 2
8725 8
8726 2
8727 2
8728 2
8729 2
8730 2
8731 2
8732 3
8733 3
8734 3
8735 3
8736 7
8737 2
8738 2
8739 3
8740 2
8741 2
8742 2
8743 3
8744 7
8745 2
8746 6
8747 3
8748 2
8749 2
8750 2
8751 3
8752 2
8753 2
8754 3
8755 3
8756 2
8757 2
8758 2
8759 2
8760 2
8761 2
8762 3
8763 2
8764 2
8765 6
8766 3
8767 7
8768 2
8769 2
8770 7
8771 2
8772 6
8773 2
8774 6
8775 2
8776 2
8777 2
8778 8
8779 2
8780 2
8781 7
8782 2
8783 6
8784 33
8785 2
8786 7
8787 2
8788 2
8789 2
8790 6
8791 7
8792 3
8793 2
8794 2
8795 2
8796 2
8797 2
8798 2
8799 2
8800 6
8801 2
8802 2
8803 2
8804 2
8805 2
8806 6
8807 7
8808 8
8809 8
8810 7
8811 2
8812 8
8813 2
8814 2
8815 2
8816 7
8817 6
8818 2
8819 2
8820 3
8821 2
8822 2
8823 2
8824 2
8825 6
8826 2
8827 2
8828 2
8829 2
8830 2
8831 2
8832 2
8833 2
8834 2
8835 2
8836 7
8837 2
8838 2
8839 2
8840 8
8841 2
8842 7
8843 2
8844 2
8845 7
8846 7
8847 2
8848 8
8849 3
8850 7
8851 6
8852 3
8853 7
8854 2
8855 2
8856 3
8857 5
8858 7
8859 7
8860 2
8861 7
8862 2
8863 3
8864 2
8865 2
8866 7
8867 8
8868 3
8869 2
8870 5
8871 9
8872 2
8873 6
8874 2
8875 2
8876 2
8877 2
8878 2
8879 2
8880 3
8881 7
8882 3
8883 2
8884 3
8885 2
8886 7
8887 3
8888 7
8889 7
8890 7
8891 2
8892 2
8893 7
8894 2
8895 3
8896 4
8897 2
8898 7
8899 8
8900 3
8901 2
8902 7
8903 2
8904 3
8905 2
8906 7
8907 5
8908 6
8909 6
8910 2
8911 2
8912 2
8913 2
8914 8
8915 8
8916 4
8917 5
8918 8
8919 2
8920 2
8921 2
8922 2
8923 2
8924 3
8925 2
8926 2
8927 2
8928 7
8929 3
8930 2
8931 2
8932 2
8933 2
8934 2
8935 2
8936 6
8937 2
8938 2
8939 7
8940 6
8941 6
8942 7
8943 2
8944 7
8945 2
8946 2
8947 7
8948 10
8949 2
8950 2
8951 7
8952 2
8953 2
8954 7
8955 2
8956 2
8957 2
8958 2
8959 7
8960 8
8961 2
8962 6
8963 2
8964 2
8965 7
8966 2
8967 7
8968 2
8969 2
8970 2
8971 7
8972 2
8973 6
8974 7
8975 3
8976 2
8977 2
8978 2
8979 7
8980 2
8981 2
8982 2
8983 2
8984 2
8985 6
8986 2
8987 7
8988 2
8989 7
8990 2
8991 3
8992 3
8993 7
8994 7
8995 2
8996 2
8997 8
8998 7
8999 7
9000 2
9001 2
9002 2
9003 2
9004 2
9005 3
9006 2
9007 2
9008 2
9009 6
9010 7
9011 2
9012 3
9013 2
9014 7
9015 7
9016 2
9017 2
9018 2
9019 7
9020 7
9021 8
9022 2
9023 7
9024 3
9025 2
9026 2
9027 2
9028 2
9029 3
9030 3
9031 2
9032 7
9033 6
9034 6
9035 4
9036 3
9037 4
9038 2
9039 8
9040 7
9041 6
9042 2
9043 6
9044 2
9045 7
9046 7
9047 2
9048 3
9049 3
9050 7
9051 2
9052 2
9053 6
9054 7
9055 2
9056 2
9057 3
9058 2
9059 2
9060 2
9061 7
9062 2
9063 4
9064 8
9065 3
9066 2
9067 2
9068 2
9069 6
9070 3
9071 3
9072 2
9073 2
9074 3
9075 2
9076 2
9077 2
9078 6
9079 2
9080 3
9081 3
9082 3
9083 5
9084 2
9085 2
9086 5
9087 3
9088 2
9089 7
9090 2
9091 3
9092 2
9093 2
9094 2
9095 2
9096 2
9097 6
9098 5
9099 2
9100 3
9101 2
9102 2
9103 3
9104 2
9105 3
9106 2
9107 2
9108 3
9109 2
9110 4
9111 2
9112 7
9113 2
9114 2
9115 3
9116 8
9117 6
9118 2
9119 3
9120 2
9121 7
9122 2
9123 7
9124 7
9125 2
9126 6
9127 2
9128 2
9129 2
9130 2
9131 4
9132 6
9133 2
9134 2
9135 2
9136 8
9137 2
9138 6
9139 2
9140 7
9141 7
9142 7
9143 6
9144 6
9145 7
9146 6
9147 2
9148 2
9149 3
9150 6
9151 4
9152 2
9153 2
9154 2
9155 2
9156 2
9157 6
9158 6
9159 2
9160 2
9161 6
9162 7
9163 2
9164 2
9165 7
9166 3
9167 3
9168 2
9169 7
9170 2
9171 2
9172 9
9173 6
9174 2
9175 6
9176 7
9177 2
9178 6
9179 8
9180 2
9181 7
9182 7
9183 7
9184 6
9185 3
9186 2
9187 2
9188 6
9189 2
9190 5
9191 5
9192 2
9193 2
9194 2
9195 2
9196 2
9197 2
9198 2
9199 7
9200 7
9201 2
9202 6
9203 7
9204 2
9205 2
9206 2
9207 3
9208 2
9209 2
9210 2
9211 2
9212 6
9213 7
9214 7
9215 6
9216 2
9217 3
9218 3
9219 7
9220 2
9221 2
9222 3
9223 6
9224 3
9225 3
9226 9
9227 8
9228 7
9229 2
9230 6
9231 2
9232 6
9233 4
9234 2
9235 4
9236 2
9237 7
9238 6
9239 3
9240 3
9241 8
9242 2
9243 2
9244 2
9245 4
9246 7
9247 2
9248 2
9249 3
9250 2
9251 2
9252 6
9253 8
9254 7
9255 2
9256 2
9257 4
9258 2
9259 8
9260 6
9261 7
9262 6
9263 2
9264 2
9265 7
9266 2
9267 5
9268 3
9269 2
9270 2
9271 8
9272 7
9273 7
9274 2
9275 7
9276 2
9277 8
9278 6
9279 2
9280 8
9281 7
9282 7
9283 2
9284 2
9285 2
9286 2
9287 2
9288 2
9289 2
9290 7
9291 2
9292 2
9293 6
9294 2
9295 2
9296 2
9297 3
9298 2
9299 7
9300 3
9301 2
9302 2
9303 2
9304 2
9305 7
9306 2
9307 2
9308 7
9309 7
9310 2
9311 2
9312 3
9313 4
9314 2
9315 6
9316 8
9317 7
9318 2
9319 3
9320 8
9321 2
9322 2
9323 7
9324 6
9325 2
9326 6
9327 2
9328 2
9329 2
9330 2
9331 3
9332 2
9333 7
9334 2
9335 2
9336 7
9337 2
9338 3
9339 6
9340 2
9341 6
9342 2
9343 2
9344 2
9345 2
9346 2
9347 7
9348 5
9349 7
9350 7
9351 8
9352 5
9353 3
9354 6
9355 2
9356 2
9357 6
9358 4
9359 2
9360 2
9361 7
9362 7
9363 4
9364 9
9365 6
9366 2
9367 7
9368 2
9369 3
9370 2
9371 2
9372 2
9373 2
9374 2
9375 2
9376 4
9377 2
9378 2
9379 4
9380 6
9381 7
9382 2
9383 2
9384 2
9385 3
9386 2
9387 3
9388 7
9389 2
9390 2
9391 2
9392 2
9393 6
9394 6
9395 7
9396 7
9397 2
9398 2
9399 7
9400 2
9401 7
9402 3
9403 7
9404 6
9405 7
9406 2
9407 6
9408 2
9409 2
9410 3
9411 3
9412 2
9413 7
9414 2
9415 2
9416 2
9417 7
9418 2
9419 2
9420 2
9421 2
9422 7
9423 2
9424 3
9425 2
9426 5
9427 2
9428 6
9429 2
9430 2
9431 2
9432 3
9433 2
9434 2
9435 7
9436 2
9437 7
9438 2
9439 2
9440 2
9441 6
9442 4
9443 9
9444 6
9445 6
9446 3
9447 2
9448 2
9449 7
9450 2
9451 2
9452 3
9453 2
9454 3
9455 2
9456 6
9457 3
9458 2
9459 2
9460 2
9461 7
9462 2
9463 7
9464 2
9465 3
9466 2
9467 2
9468 2
9469 6
9470 2
9471 2
9472 2
9473 2
9474 4
9475 7
9476 2
9477 6
9478 7
9479 2
9480 6
9481 3
9482 2
9483 3
9484 7
9485 2
9486 2
9487 2
9488 2
9489 2
9490 9
9491 2
9492 6
9493 2
9494 6
9495 2
9496 2
9497 2
9498 2
9499 2
9500 4
9501 6
9502 2
9503 2
9504 2
9505 2
9506 7
9507 7
9508 2
9509 2
9510 7
9511 2
9512 3
9513 2
9514 2
9515 2
9516 2
9517 7
9518 3
9519 7
9520 8
9521 7
9522 2
9523 2
9524 7
9525 2
9526 6
9527 2
9528 2
9529 7
9530 2
9531 3
9532 2
9533 6
9534 8
9535 2
9536 3
9537 8
9538 6
9539 3
9540 2
9541 2
9542 2
9543 6
9544 2
9545 7
9546 7
9547 2
9548 2
9549 3
9550 6
9551 2
9552 2
9553 6
9554 2
9555 2
9556 6
9557 2
9558 8
9559 2
9560 2
9561 2
9562 2
9563 8
9564 2
9565 7
9566 6
9567 6
9568 7
9569 4
9570 2
9571 2
9572 2
9573 2
9574 5
9575 2
9576 2
9577 6
9578 2
9579 8
9580 7
9581 2
9582 2
9583 2
9584 4
9585 2
9586 6
9587 2
9588 7
9589 6
9590 2
9591 2
9592 6
9593 7
9594 7
9595 3
9596 2
9597 2
9598 2
9599 2
9600 2
9601 7
9602 2
9603 7
9604 2
9605 2
9606 2
9607 2
9608 4
9609 6
9610 2
9611 2
9612 2
9613 2
9614 7
9615 3
9616 2
9617 2
9618 2
9619 2
9620 2
9621 2
9622 2
9623 6
9624 2
9625 6
9626 2
9627 7
9628 2
9629 2
9630 2
9631 7
9632 2
9633 2
9634 2
9635 3
9636 6
9637 2
9638 3
9639 3
9640 7
9641 5
9642 3
9643 2
9644 6
9645 5
9646 3
9647 2
9648 2
9649 7
9650 2
9651 2
9652 2
9653 3
9654 6
9655 2
9656 6
9657 2
9658 2
9659 2
9660 2
9661 7
9662 7
9663 2
9664 2
9665 3
9666 2
9667 2
9668 2
9669 3
9670 6
9671 3
9672 3
9673 2
9674 2
9675 8
9676 3
9677 2
9678 2
9679 7
9680 2
9681 5
9682 6
9683 3
9684 2
9685 3
9686 2
9687 2
9688 6
9689 7
9690 2
9691 2
9692 2
9693 6
9694 2
9695 7
9696 2
9697 2
9698 6
9699 2
9700 2
9701 2
9702 2
9703 2
9704 2
9705 2
9706 2
9707 7
9708 7
9709 7
9710 6
9711 7
9712 2
9713 2
9714 2
9715 2
9716 5
9717 7
9718 2
9719 2
9720 4
9721 2
9722 2
9723 7
9724 2
9725 3
9726 7
9727 2
9728 2
9729 2
9730 2
9731 2
9732 2
9733 7
9734 7
9735 2
9736 2
9737 2
9738 2
9739 4
9740 2
9741 6
9742 7
9743 7
9744 2
9745 2
9746 4
9747 2
9748 6
9749 3
9750 2
9751 2
9752 6
9753 6
9754 3
9755 2
9756 3
9757 3
9758 2
9759 7
9760 2
9761 2
9762 2
9763 2
9764 6
9765 4
9766 7
9767 7
9768 2
9769 2
9770 8
9771 2
9772 6
9773 2
9774 6
9775 2
9776 2
9777 8
9778 2
9779 2
9780 2
9781 2
9782 2
9783 2
9784 6
9785 6
9786 6
9787 2
9788 7
9789 2
9790 2
9791 2
9792 2
9793 7
9794 2
9795 8
9796 2
9797 7
9798 7
9799 8
9800 2
9801 2
9802 7
9803 2
9804 7
9805 2
9806 2
9807 2
9808 2
9809 6
9810 2
9811 2
9812 7
9813 3
9814 2
9815 6
9816 2
9817 2
9818 2
9819 2
9820 7
9821 6
9822 6
9823 2
9824 2
9825 2
9826 3
9827 7
9828 3
9829 7
9830 3
9831 2
9832 7
9833 2
9834 2
9835 2
9836 2
9837 6
9838 6
9839 7
9840 2
9841 3
9842 6
9843 3
9844 5
9845 2
9846 2
9847 2
9848 2
9849 2
9850 6
9851 2
9852 7
9853 2
9854 6
9855 3
9856 2
9857 6
9858 2
9859 2
9860 2
9861 2
9862 6
9863 7
9864 6
9865 7
9866 2
9867 3
9868 4
9869 2
9870 8
9871 2
9872 6
9873 3
9874 2
9875 2
9876 7
9877 2
9878 2
9879 12
9880 7
9881 8
9882 2
9883 6
9884 3
9885 6
9886 2
9887 2
9888 2
9889 2
9890 7
9891 2
9892 7
9893 2
9894 6
9895 3
9896 2
9897 7
9898 2
9899 2
9900 8
9901 6
9902 6
9903 2
9904 2
9905 2
9906 3
9907 2
9908 2
9909 2
9910 7
9911 7
9912 2
9913 2
9914 2
9915 3
9916 2
9917 2
9918 7
9919 2
9920 7
9921 7
9922 3
9923 7
9924 2
9925 2
9926 2
9927 2
9928 2
9929 2
9930 2
9931 2
9932 2
9933 2
9934 3
9935 4
9936 3
9937 2
9938 3
9939 6
9940 7
9941 5
9942 2
9943 2
9944 2
9945 2
9946 3
9947 2
9948 2
9949 2
9950 2
9951 2
9952 2
9953 2
9954 2
9955 7
9956 7
9957 3
9958 7
9959 2
9960 6
9961 6
9962 2
9963 2
9964 2
9965 2
9966 2
9967 2
9968 2
9969 3
9970 2
9971 2
9972 2
9973 2
9974 2
9975 2
9976 2
9977 6
9978 6
9979 2
9980 2
9981 2
9982 2
9983 7
9984 6
9985 2
9986 4
9987 2
9988 7
9989 7
9990 2
9991 7
9992 2
9993 6
9994 7
9995 8
9996 2
9997 7
9998 2
9999 2
10000 4
10001 2
10002 7
10003 2
10004 7
10005 5
10006 2
10007 7
10008 7
10009 2
10010 10
10011 2
10012 2
10013 3
10014 6
10015 7
10016 2
10017 6
10018 4
10019 8
10020 7
10021 6
10022 2
10023 6
10024 2
10025 2
10026 2
10027 2
10028 7
10029 3
10030 8
10031 7
10032 7
10033 6
10034 2
10035 7
10036 7
10037 2
10038 2
10039 8
10040 2
10041 2
10042 2
10043 2
10044 2
10045 7
10046 3
10047 2
10048 7
10049 2
10050 7
10051 7
10052 2
10053 2
10054 7
10055 2
10056 2
10057 3
10058 7
10059 2
10060 3
10061 6
10062 6
10063 2
10064 2
10065 2
10066 2
10067 7
10068 2
10069 6
10070 2
10071 2
10072 7
10073 2
10074 2
10075 2
10076 3
10077 6
10078 7
10079 6
10080 3
10081 7
10082 2
10083 2
10084 2
10085 8
10086 2
10087 2
10088 2
10089 6
10090 8
10091 7
10092 2
10093 3
10094 3
10095 3
10096 2
10097 2
10098 2
10099 6
10100 2
10101 2
10102 2
10103 2
10104 7
10105 2
10106 2
10107 7
10108 2
10109 2
10110 2
10111 2
10112 2
10113 6
10114 3
10115 2
10116 2
10117 2
10118 7
10119 2
10120 2
10121 2
10122 2
10123 2
10124 2
10125 2
10126 2
10127 7
10128 6
10129 7
10130 2
10131 2
10132 7
10133 5
10134 2
10135 2
10136 3
10137 2
10138 6
10139 7
10140 2
10141 4
10142 2
10143 6
10144 7
10145 2
10146 6
10147 7
10148 4
10149 6
10150 2
10151 2
10152 14
10153 2
10154 7
10155 2
10156 7
10157 2
10158 2
10159 2
10160 7
10161 2
10162 2
10163 2
10164 2
10165 2
10166 3
10167 2
10168 2
10169 6
10170 6
10171 6
10172 7
10173 2
10174 7
10175 2
10176 2
10177 2
10178 4
10179 5
10180 7
10181 5
10182 6
10183 2
10184 2
10185 7
10186 7
10187 6
10188 2
10189 6
10190 3
10191 2
10192 3
10193 2
10194 2
10195 2
10196 2
10197 2
10198 3
10199 2
10200 2
10201 2
10202 2
10203 2
10204 2
10205 2
10206 2
10207 2
10208 2
10209 2
10210 6
10211 2
10212 2
10213 2
10214 6
10215 2
10216 2
10217 2
10218 6
10219 6
10220 2
10221 2
10222 7
10223 4
10224 5
10225 2
10226 2
10227 6
10228 3
10229 2
10230 2
10231 2
10232 6
10233 7
10234 7
10235 2
10236 7
10237 2
10238 6
10239 2
10240 7
10241 6
10242 7
10243 7
10244 4
10245 2
10246 3
10247 7
10248 7
10249 7
10250 3
10251 4
10252 2
10253 2
10254 2
10255 2
10256 6
10257 2
10258 6
10259 6
10260 2
10261 3
10262 2
10263 2
10264 2
10265 6
10266 2
10267 2
10268 4
10269 7
10270 6
10271 2
10272 2
10273 7
10274 2
10275 2
10276 6
10277 6
10278 3
10279 2
10280 2
10281 2
10282 8
10283 7
10284 8
10285 7
10286 2
10287 3
10288 7
10289 2
10290 2
10291 8
10292 2
10293 7
10294 6
10295 2
10296 2
10297 2
10298 6
10299 7
10300 2
10301 2
10302 2
10303 6
10304 2
10305 7
10306 2
10307 2
10308 2
10309 2
10310 2
10311 2
10312 2
10313 2
10314 2
10315 2
10316 2
10317 2
10318 7
10319 2
10320 6
10321 3
10322 2
10323 2
10324 2
10325 2
10326 2
10327 11
10328 2
10329 2
10330 6
10331 2
10332 7
10333 2
10334 5
10335 3
10336 2
10337 2
10338 2
10339 2
10340 5
10341 2
10342 3
10343 6
10344 2
10345 2
10346 2
10347 2
10348 3
10349 2
10350 2
10351 6
10352 6
10353 8
10354 2
10355 2
10356 2
10357 4
10358 7
10359 7
10360 3
10361 6
10362 6
10363 2
10364 2
10365 2
10366 7
10367 2
10368 2
10369 2
10370 2
10371 2
10372 2
10373 7
10374 2
10375 2
10376 4
10377 2
10378 2
10379 5
10380 2
10381 2
10382 2
10383 6
10384 2
10385 3
10386 7
10387 2
10388 2
10389 2
10390 6
10391 6
10392 2
10393 2
10394 4
10395 2
10396 2
10397 6
10398 2
10399 2
10400 6
10401 2
10402 7
10403 7
10404 7
10405 2
10406 4
10407 3
10408 2
10409 2
10410 6
10411 2
10412 2
10413 2
10414 7
10415 2
10416 2
10417 2
10418 6
10419 2
10420 2
10421 2
10422 2
10423 2
10424 2
10425 6
10426 5
10427 2
10428 3
10429 7
10430 7
10431 2
10432 7
10433 2
10434 2
10435 6
10436 6
10437 2
10438 3
10439 7
10440 3
10441 2
10442 7
10443 6
10444 2
10445 6
10446 2
10447 7
10448 2
10449 7
10450 2
10451 2
10452 6
10453 2
10454 6
10455 7
10456 3
10457 2
10458 2
10459 2
10460 2
10461 2
10462 2
10463 2
10464 6
10465 7
10466 8
10467 6
10468 2
10469 2
10470 5
10471 7
10472 7
10473 2
10474 2
10475 2
10476 2
10477 4
10478 2
10479 3
10480 2
10481 4
10482 4
10483 2
10484 7
10485 2
10486 7
10487 7
10488 2
10489 2
10490 6
10491 6
10492 2
10493 6
10494 2
10495 2
10496 7
10497 7
10498 3
10499 7
10500 2
10501 2
10502 3
10503 2
10504 7
10505 7
10506 7
10507 2
10508 6
10509 6
10510 2
10511 2
10512 7
10513 6
10514 2
10515 3
10516 2
10517 2
10518 6
10519 7
10520 2
10521 2
10522 2
10523 7
10524 3
10525 2
10526 6
10527 2
10528 7
10529 2
10530 7
10531 2
10532 2
10533 2
10534 7
10535 6
10536 2
10537 3
10538 2
10539 2
10540 7
10541 2
10542 2
10543 2
10544 7
10545 7
10546 6
10547 2
10548 2
10549 2
10550 6
10551 6
10552 2
10553 3
10554 6
10555 7
10556 4
10557 2
10558 6
10559 2
10560 2
10561 7
10562 2
10563 2
10564 4
10565 2
10566 2
10567 2
10568 2
10569 6
10570 6
10571 2
10572 2
10573 2
10574 3
10575 2
10576 7
10577 6
10578 7
10579 2
10580 2
10581 2
10582 6
10583 7
10584 5
10585 7
10586 2
10587 7
10588 2
10589 6
10590 5
10591 6
10592 2
10593 7
10594 2
10595 2
10596 2
10597 6
10598 2
10599 2
10600 2
10601 2
10602 2
10603 6
10604 2
10605 2
10606 7
10607 7
10608 7
10609 6
10610 2
10611 2
10612 2
10613 2
10614 2
10615 6
10616 3
10617 2
10618 7
10619 2
10620 2
10621 6
10622 7
10623 2
10624 2
10625 7
10626 6
10627 4
10628 7
10629 2
10630 2
10631 2
10632 2
10633 2
10634 2
10635 2
10636 2
10637 2
10638 2
10639 2
10640 6
10641 6
10642 2
10643 2
10644 2
10645 6
10646 2
10647 2
10648 6
10649 6
10650 3
10651 2
10652 2
10653 7
10654 2
10655 2
10656 7
10657 2
10658 2
10659 2
10660 2
10661 2
10662 2
10663 6
10664 2
10665 2
10666 2
10667 7
10668 7
10669 2
10670 2
10671 2
10672 6
10673 7
10674 2
10675 6
10676 4
10677 2
10678 2
10679 2
10680 7
10681 6
10682 2
10683 8
10684 2
10685 2
10686 2
10687 2
10688 7
10689 7
10690 2
10691 2
10692 6
10693 2
10694 6
10695 6
10696 2
10697 6
10698 2
10699 2
10700 2
10701 2
10702 2
10703 2
10704 2
10705 6
10706 2
10707 2
10708 2
10709 2
10710 2
10711 6
10712 2
10713 2
10714 6
10715 7
10716 2
10717 7
10718 2
10719 5
10720 2
10721 6
10722 6
10723 2
10724 5
10725 2
10726 6
10727 2
10728 2
10729 2
10730 7
10731 2
10732 7
10733 2
10734 6
10735 6
10736 2
10737 7
10738 2
10739 2
10740 7
10741 2
10742 7
10743 7
10744 2
10745 2
10746 6
10747 2
10748 2
10749 6
10750 2
10751 2
10752 7
10753 6
10754 2
10755 2
10756 7
10757 6
10758 6
10759 5
10760 2
10761 7
10762 2
10763 6
10764 2
10765 2
10766 7
10767 6
10768 2
10769 2
10770 6
10771 2
10772 2
10773 2
10774 6
10775 2
10776 6
10777 2
10778 6
10779 2
10780 6
10781 2
10782 2
10783 2
10784 7
10785 2
10786 2
10787 2
10788 2
10789 4
10790 2
10791 7
10792 7
10793 2
10794 6
10795 2
10796 2
10797 2
10798 2
10799 2
10800 6
10801 7
10802 6
10803 2
10804 2
10805 2
10806 2
10807 2
10808 2
10809 7
10810 2
10811 6
10812 2
10813 2
10814 7
10815 6
10816 2
10817 2
10818 6
10819 2
10820 2
10821 7
10822 2
10823 2
10824 2
10825 2
10826 2
10827 2
10828 7
10829 2
10830 4
10831 7
10832 2
10833 2
10834 2
10835 6
10836 3
10837 7
10838 6
10839 6
10840 2
10841 5
10842 2
10843 6
10844 6
10845 6
10846 2
10847 7
10848 4
10849 7
10850 2
10851 6
10852 3
10853 2
10854 2
10855 2
10856 2
10857 2
10858 7
10859 2
10860 2
10861 2
10862 4
10863 2
10864 2
10865 2
10866 2
10867 2
10868 2
10869 2
10870 2
10871 2
10872 2
10873 6
10874 2
10875 2
