0 2
1 5
2 6
3 14
4 12
5 2
6 12
7 8
8 5
9 3
10 13
11 4
12 7
13 5
14 4
15 5
16 11
17 9
18 6
19 6
20 2
21 10
22 6
23 8
24 13
25 5
26 6
27 13
28 19
29 10
30 3
31 13
32 3
33 19
34 4
35 7
36 7
37 7
38 10
39 14
40 2
41 4
42 2
43 35
44 6
45 19
46 10
47 6
48 5
49 7
50 10
51 5
52 6
53 7
54 5
55 2
56 12
57 6
58 6
59 4
60 10
61 5
62 5
63 2
64 3
65 65
66 7
67 4
68 2
69 10
70 2
71 3
72 5
73 2
74 25
75 3
76 2
77 3
78 3
79 8
80 3
81 2
82 4
83 4
84 4
85 5
86 6
87 7
88 12
89 2
90 49
91 13
92 16
93 9
94 5
95 19
96 4
97 2
98 26
99 92
100 9
101 57
102 7
103 14
104 10
105 7
106 14
107 41
108 17
109 2
110 9
111 19
112 7
113 16
114 2
115 49
116 29
117 4
118 35
119 16
120 19
121 11
122 3
123 11
124 5
125 5
126 8
127 4
128 81
129 12
130 3
131 7
132 18
133 9
134 15
135 14
136 25
137 29
138 37
139 50
140 18
141 38
142 7
143 8
144 20
145 38
146 4
147 29
148 28
149 2
150 23
151 4
152 26
153 5
154 22
155 13
156 7
157 43
158 16
159 13
160 3
161 2
162 7
163 11
164 6
165 18
166 62
167 5
168 28
169 7
170 112
171 36
172 31
173 4
174 20
175 12
176 3
177 13
178 8
179 3
180 7
181 6
182 5
183 7
184 18
185 3
186 11
187 11
188 6
189 25
190 19
191 5
192 8
193 4
194 5
195 7
196 6
197 4
198 8
199 3
200 2
201 3
202 3
203 5
204 4
205 3
206 18
207 3
208 9
209 3
210 12
211 2
212 3
213 11
214 2
215 59
216 4
217 9
218 5
219 5
220 4
221 3
222 2
223 7
224 2
225 52
226 2
227 3
228 5
229 2
230 19
231 9
232 5
233 13
234 4
235 17
236 3
237 40
238 18
239 48
240 5
241 4
242 15
243 14
244 7
245 20
246 20
247 9
248 20
249 5
250 18
251 14
252 2
253 7
254 6
255 12
256 14
257 51
258 3
259 6
260 15
261 7
262 11
263 21
264 8
265 12
266 3
267 11
268 5
269 4
270 9
271 6
272 7
273 8
274 7
275 13
276 13
277 6
278 20
279 12
280 6
281 18
282 20
283 9
284 6
285 2
286 18
287 11
288 35
289 2
290 13
291 18
292 3
293 4
294 8
295 22
296 24
297 4
298 8
299 5
300 5
301 4
302 5
303 6
304 5
305 5
306 4
307 9
308 18
309 5
310 6
311 8
312 4
313 8
314 2
315 4
316 2
317 10
318 3
319 2
320 12
321 16
322 4
323 2
324 3
325 17
326 41
327 18
328 5
329 12
330 9
331 4
332 3
333 5
334 4
335 3
336 5
337 22
338 7
339 2
340 5
341 4
342 5
343 5
344 32
345 21
346 32
347 4
348 15
349 60
350 6
351 8
352 6
353 9
354 5
355 5
356 4
357 8
358 4
359 5
360 14
361 2
362 5
363 14
364 12
365 40
366 17
367 12
368 22
369 29
370 6
371 29
372 11
373 16
374 21
375 20
376 5
377 22
378 25
379 8
380 24
381 11
382 16
383 14
384 8
385 24
386 3
387 7
388 3
389 9
390 7
391 37
392 38
393 12
394 11
395 32
396 43
397 3
398 78
399 5
400 5
401 40
402 2
403 3
404 2
405 5
406 2
407 5
408 3
409 5
410 14
411 2
412 16
413 9
414 2
415 32
416 7
417 3
418 7
419 8
420 11
421 11
422 21
423 4
424 8
425 11
426 13
427 32
428 22
429 3
430 3
431 3
432 2
433 8
434 3
435 4
436 5
437 3
438 7
439 4
440 4
441 2
442 4
443 6
444 10
445 12
446 6
447 3
448 5
449 24
450 5
451 4
452 7
453 5
454 2
455 9
456 2
457 4
458 2
459 2
460 5
461 3
462 2
463 4
464 3
465 3
466 7
467 3
468 2
469 2
470 5
471 7
472 2
473 3
474 5
475 2
476 3
477 4
478 5
479 3
480 6
481 5
482 2
483 9
484 6
485 7
486 3
487 7
488 3
489 8
490 3
491 9
492 2
493 6
494 11
495 34
496 6
497 5
498 3
499 5
500 10
501 3
502 6
503 3
504 7
505 5
506 2
507 8
508 8
509 14
510 17
511 32
512 15
513 4
514 3
515 17
516 8
517 8
518 2
519 2
520 8
521 14
522 7
523 20
524 8
525 11
526 7
527 5
528 3
529 5
530 36
531 12
532 6
533 2
534 9
535 2
536 10
537 13
538 8
539 12
540 7
541 5
542 17
543 3
544 5
545 5
546 45
547 17
548 3
549 16
550 9
551 2
552 12
553 4
554 6
555 32
556 4
557 5
558 6
559 9
560 4
561 31
562 5
563 5
564 35
565 4
566 26
567 9
568 3
569 4
570 5
571 3
572 2
573 2
574 5
575 2
576 12
577 4
578 2
579 26
580 4
581 10
582 22
583 2
584 14
585 2
586 7
587 2
588 9
589 2
590 14
591 2
592 8
593 3
594 6
595 4
596 11
597 3
598 3
599 3
600 7
601 2
602 3
603 2
604 3
605 12
606 9
607 5
608 26
609 6
610 15
611 8
612 14
613 18
614 12
615 11
616 4
617 4
618 20
619 27
620 22
621 9
622 2
623 62
624 6
625 13
626 10
627 2
628 14
629 5
630 7
631 4
632 23
633 8
634 12
635 4
636 5
637 16
638 77
639 2
640 2
641 2
642 6
643 35
644 3
645 15
646 17
647 9
648 19
649 7
650 24
651 5
652 6
653 7
654 57
655 25
656 20
657 11
658 5
659 2
660 14
661 8
662 12
663 15
664 5
665 9
666 8
667 8
668 12
669 81
670 12
671 5
672 6
673 4
674 15
675 3
676 3
677 4
678 5
679 4
680 5
681 5
682 7
683 3
684 9
685 7
686 6
687 13
688 13
689 11
690 37
691 4
692 6
693 4
694 9
695 3
696 3
697 8
698 5
699 2
700 6
701 18
702 11
703 6
704 6
705 5
706 14
707 19
708 19
709 6
710 25
711 5
712 9
713 14
714 28
715 9
716 10
717 9
718 6
719 7
720 4
721 5
722 3
723 5
724 8
725 4
726 3
727 10
728 4
729 14
730 5
731 9
732 3
733 7
734 9
735 21
736 24
737 7
738 8
739 2
740 6
741 7
742 5
743 17
744 5
745 7
746 6
747 5
748 15
749 15
750 13
751 7
752 5
753 31
754 5
755 15
756 25
757 9
758 13
759 38
760 9
761 7
762 15
763 6
764 4
765 13
766 9
767 17
768 6
769 5
770 10
771 5
772 7
773 11
774 3
775 5
776 8
777 5
778 13
779 7
780 17
781 13
782 2
783 8
784 8
785 4
786 16
787 11
788 22
789 15
790 3
791 4
792 18
793 3
794 4
795 14
796 12
797 9
798 13
799 3
800 2
801 3
802 22
803 8
804 19
805 9
806 12
807 8
808 7
809 6
810 7
811 19
812 6
813 2
814 19
815 11
816 10
817 3
818 23
819 10
820 7
821 4
822 23
823 11
824 11
825 17
826 4
827 3
828 3
829 8
830 10
831 10
832 13
833 3
834 6
835 10
836 3
837 22
838 16
839 5
840 5
841 33
842 16
843 22
844 14
845 27
846 16
847 47
848 20
849 13
850 9
851 4
852 28
853 29
854 5
855 27
856 18
857 28
858 12
859 16
860 13
861 10
862 22
863 18
864 41
865 12
866 3
867 16
868 11
869 29
870 5
871 2
872 8
873 4
874 7
875 11
876 8
877 6
878 10
879 3
880 3
881 2
882 2
883 2
884 4
885 5
886 3
887 5
888 27
889 5
890 5
891 6
892 5
893 8
894 5
895 16
896 4
897 5
898 20
899 14
900 2
901 4
902 5
903 19
904 5
905 15
906 9
907 2
908 5
909 8
910 2
911 8
912 10
913 6
914 2
915 3
916 6
917 3
918 8
919 9
920 3
921 5
922 5
923 5
924 4
925 4
926 3
927 4
928 6
929 3
930 5
931 13
932 2
933 2
934 7
935 5
936 14
937 4
938 6
939 3
940 5
941 2
942 2
943 2
944 4
945 33
946 17
947 13
948 3
949 4
950 3
951 11
952 6
953 6
954 8
955 5
956 6
957 2
958 7
959 11
960 3
961 11
962 4
963 3
964 3
965 5
966 3
967 6
968 3
969 3
970 3
971 2
972 6
973 22
974 15
975 2
976 8
977 24
978 15
979 10
980 2
981 15
982 5
983 7
984 22
985 14
986 2
987 6
988 10
989 5
990 2
991 11
992 6
993 4
994 11
995 13
996 9
997 2
998 23
999 5
1000 5
1001 28
1002 22
1003 18
1004 2
1005 4
1006 23
1007 3
1008 2
1009 7
1010 4
1011 3
1012 7
1013 4
1014 8
1015 3
1016 6
1017 18
1018 11
1019 6
1020 8
1021 4
1022 19
1023 2
1024 5
1025 4
1026 6
1027 4
1028 9
1029 3
1030 4
1031 4
1032 8
1033 3
1034 4
1035 2
1036 5
1037 2
1038 3
1039 2
1040 2
1041 2
1042 3
1043 3
1044 6
1045 3
1046 5
1047 12
1048 3
1049 3
1050 3
1051 8
1052 4
1053 3
1054 4
1055 17
1056 13
1057 2
1058 10
1059 4
1060 13
1061 2
1062 4
1063 9
1064 6
1065 6
1066 4
1067 6
1068 15
1069 8
1070 2
1071 3
1072 5
1073 7
1074 3
1075 4
1076 4
1077 6
1078 2
1079 3
1080 3
1081 3
1082 2
1083 5
1084 2
1085 3
1086 2
1087 6
1088 3
1089 6
1090 7
1091 4
1092 6
1093 20
1094 2
1095 11
1096 10
1097 17
1098 4
1099 2
1100 19
1101 16
1102 7
1103 5
1104 4
1105 2
1106 8
1107 3
1108 4
1109 7
1110 7
1111 18
1112 5
1113 18
1114 10
1115 2
1116 2
1117 2
1118 4
1119 5
1120 16
1121 8
1122 14
1123 2
1124 9
1125 9
1126 8
1127 5
1128 14
1129 5
1130 2
1131 2
1132 6
1133 2
1134 4
1135 13
1136 4
1137 12
1138 10
1139 10
1140 11
1141 11
1142 7
1143 9
1144 4
1145 31
1146 5
1147 7
1148 4
1149 4
1150 4
1151 3
1152 4
1153 2
1154 3
1155 6
1156 2
1157 4
1158 3
1159 9
1160 5
1161 2
1162 2
1163 4
1164 2
1165 7
1166 5
1167 37
1168 5
1169 3
1170 16
1171 3
1172 6
1173 3
1174 11
1175 3
1176 4
1177 5
1178 2
1179 2
1180 2
1181 2
1182 2
1183 2
1184 3
1185 3
1186 5
1187 2
1188 6
1189 9
1190 10
1191 9
1192 15
1193 21
1194 20
1195 13
1196 10
1197 12
1198 6
1199 6
1200 6
1201 5
1202 4
1203 4
1204 2
1205 12
1206 2
1207 3
1208 4
1209 2
1210 3
1211 13
1212 2
1213 5
1214 6
1215 8
1216 13
1217 5
1218 5
1219 7
1220 13
1221 9
1222 13
1223 2
1224 2
1225 12
1226 7
1227 3
1228 9
1229 8
1230 8
1231 3
1232 3
1233 2
1234 3
1235 3
1236 6
1237 6
1238 8
1239 3
1240 7
1241 5
1242 5
1243 3
1244 11
1245 7
1246 15
1247 6
1248 6
1249 7
1250 5
1251 8
1252 5
1253 15
1254 11
1255 4
1256 7
1257 9
1258 5
1259 3
1260 11
1261 12
1262 2
1263 3
1264 5
1265 2
1266 7
1267 5
1268 2
1269 48
1270 41
1271 5
1272 13
1273 8
1274 2
1275 33
1276 2
1277 2
1278 3
1279 2
1280 4
1281 2
1282 6
1283 4
1284 4
1285 4
1286 6
1287 6
1288 2
1289 2
1290 2
1291 13
1292 2
1293 9
1294 3
1295 9
1296 2
1297 4
1298 2
1299 8
1300 3
1301 3
1302 3
1303 3
1304 6
1305 26
1306 4
1307 2
1308 5
1309 6
1310 2
1311 2
1312 2
1313 4
1314 2
1315 4
1316 3
1317 5
1318 5
1319 3
1320 9
1321 2
1322 3
1323 26
1324 3
1325 3
1326 6
1327 4
1328 2
1329 3
1330 32
1331 6
1332 29
1333 5
1334 7
1335 3
1336 11
1337 12
1338 5
1339 4
1340 5
1341 4
1342 10
1343 3
1344 14
1345 8
1346 2
1347 3
1348 8
1349 5
1350 5
1351 4
1352 4
1353 4
1354 13
1355 9
1356 3
1357 20
1358 2
1359 8
1360 18
1361 4
1362 2
1363 2
1364 5
1365 12
1366 9
1367 7
1368 14
1369 3
1370 10
1371 8
1372 2
1373 11
1374 3
1375 2
1376 2
1377 5
1378 2
1379 5
1380 14
1381 8
1382 5
1383 8
1384 6
1385 8
1386 12
1387 8
1388 5
1389 7
1390 7
1391 8
1392 9
1393 6
1394 15
1395 6
1396 9
1397 2
1398 5
1399 11
1400 4
1401 11
1402 8
1403 9
1404 4
1405 3
1406 3
1407 6
1408 3
1409 3
1410 3
1411 2
1412 4
1413 5
1414 3
1415 4
1416 23
1417 2
1418 20
1419 6
1420 4
1421 8
1422 3
1423 5
1424 2
1425 2
1426 12
1427 2
1428 14
1429 5
1430 6
1431 12
1432 4
1433 10
1434 3
1435 6
1436 3
1437 2
1438 3
1439 4
1440 5
1441 11
1442 5
1443 5
1444 3
1445 11
1446 9
1447 3
1448 12
1449 5
1450 8
1451 2
1452 3
1453 2
1454 2
1455 5
1456 6
1457 11
1458 5
1459 8
1460 6
1461 6
1462 8
1463 5
1464 9
1465 8
1466 10
1467 7
1468 2
1469 4
1470 2
1471 3
1472 6
1473 9
1474 6
1475 6
1476 8
1477 3
1478 5
1479 2
1480 6
1481 4
1482 6
1483 3
1484 2
1485 2
1486 4
1487 4
1488 2
1489 6
1490 5
1491 2
1492 3
1493 3
1494 7
1495 5
1496 3
1497 2
1498 2
1499 15
1500 2
1501 8
1502 3
1503 18
1504 7
1505 3
1506 2
1507 2
1508 3
1509 4
1510 30
1511 7
1512 7
1513 2
1514 4
1515 10
1516 5
1517 2
1518 2
1519 2
1520 6
1521 5
1522 11
1523 8
1524 7
1525 6
1526 11
1527 6
1528 3
1529 11
1530 17
1531 14
1532 5
1533 4
1534 2
1535 6
1536 7
1537 4
1538 8
1539 3
1540 2
1541 9
1542 4
1543 8
1544 30
1545 14
1546 12
1547 16
1548 2
1549 5
1550 28
1551 44
1552 8
1553 19
1554 37
1555 3
1556 3
1557 4
1558 2
1559 4
1560 2
1561 4
1562 2
1563 3
1564 2
1565 2
1566 2
1567 5
1568 8
1569 3
1570 4
1571 3
1572 6
1573 6
1574 2
1575 3
1576 7
1577 2
1578 4
1579 2
1580 4
1581 6
1582 5
1583 17
1584 5
1585 4
1586 5
1587 2
1588 9
1589 9
1590 7
1591 19
1592 6
1593 29
1594 8
1595 5
1596 5
1597 2
1598 4
1599 3
1600 2
1601 18
1602 10
1603 5
1604 10
1605 5
1606 14
1607 5
1608 26
1609 20
1610 7
1611 12
1612 7
1613 11
1614 16
1615 8
1616 2
1617 2
1618 3
1619 2
1620 3
1621 2
1622 30
1623 2
1624 6
1625 3
1626 6
1627 6
1628 2
1629 3
1630 2
1631 2
1632 2
1633 3
1634 2
1635 4
1636 6
1637 2
1638 7
1639 2
1640 3
1641 5
1642 9
1643 3
1644 5
1645 9
1646 2
1647 7
1648 4
1649 8
1650 2
1651 3
1652 3
1653 14
1654 33
1655 3
1656 2
1657 3
1658 3
1659 4
1660 10
1661 2
1662 2
1663 7
1664 5
1665 6
1666 2
1667 2
1668 2
1669 2
1670 6
1671 5
1672 14
1673 3
1674 7
1675 5
1676 3
1677 5
1678 2
1679 4
1680 2
1681 4
1682 8
1683 4
1684 2
1685 8
1686 6
1687 3
1688 2
1689 3
1690 3
1691 3
1692 5
1693 2
1694 2
1695 4
1696 3
1697 4
1698 2
1699 5
1700 2
1701 4
1702 9
1703 10
1704 5
1705 5
1706 16
1707 14
1708 5
1709 10
1710 4
1711 2
1712 21
1713 2
1714 2
1715 2
1716 2
1717 5
1718 6
1719 15
1720 6
1721 3
1722 11
1723 3
1724 3
1725 16
1726 3
1727 8
1728 9
1729 2
1730 2
1731 5
1732 4
1733 4
1734 3
1735 7
1736 7
1737 2
1738 9
1739 6
1740 22
1741 6
1742 2
1743 7
1744 20
1745 7
1746 8
1747 36
1748 16
1749 7
1750 3
1751 10
1752 2
1753 5
1754 3
1755 3
1756 2
1757 4
1758 15
1759 14
1760 8
1761 12
1762 5
1763 7
1764 7
1765 22
1766 6
1767 10
1768 10
1769 9
1770 7
1771 4
1772 5
1773 5
1774 5
1775 4
1776 8
1777 5
1778 2
1779 6
1780 14
1781 3
1782 2
1783 2
1784 8
1785 3
1786 5
1787 2
1788 2
1789 3
1790 4
1791 5
1792 2
1793 3
1794 6
1795 12
1796 3
1797 3
1798 7
1799 8
1800 2
1801 3
1802 7
1803 4
1804 9
1805 8
1806 15
1807 5
1808 3
1809 5
1810 8
1811 13
1812 3
1813 10
1814 4
1815 2
1816 3
1817 2
1818 8
1819 5
1820 3
1821 7
1822 7
1823 3
1824 15
1825 2
1826 2
1827 10
1828 4
1829 2
1830 3
1831 2
1832 2
1833 2
1834 12
1835 5
1836 11
1837 6
1838 5
1839 8
1840 4
1841 2
1842 9
1843 13
1844 4
1845 6
1846 11
1847 7
1848 13
1849 4
1850 8
1851 6
1852 6
1853 2
1854 9
1855 10
1856 10
1857 3
1858 3
1859 9
1860 2
1861 4
1862 2
1863 2
1864 3
1865 3
1866 17
1867 4
1868 6
1869 14
1870 3
1871 3
1872 3
1873 2
1874 13
1875 6
1876 5
1877 2
1878 2
1879 4
1880 2
1881 3
1882 3
1883 2
1884 3
1885 5
1886 3
1887 11
1888 7
1889 10
1890 3
1891 4
1892 8
1893 5
1894 3
1895 3
1896 3
1897 5
1898 2
1899 2
1900 4
1901 2
1902 4
1903 5
1904 6
1905 2
1906 2
1907 4
1908 2
1909 4
1910 3
1911 5
1912 10
1913 5
1914 3
1915 4
1916 3
1917 9
1918 2
1919 4
1920 3
1921 3
1922 3
1923 4
1924 3
1925 2
1926 4
1927 5
1928 2
1929 20
1930 2
1931 2
1932 5
1933 6
1934 4
1935 8
1936 2
1937 3
1938 2
1939 18
1940 2
1941 5
1942 2
1943 3
1944 7
1945 2
1946 14
1947 5
1948 18
1949 20
1950 14
1951 8
1952 7
1953 10
1954 23
1955 11
1956 9
1957 6
1958 9
1959 5
1960 11
1961 5
1962 3
1963 4
1964 5
1965 3
1966 2
1967 2
1968 3
1969 2
1970 2
1971 12
1972 2
1973 2
1974 7
1975 4
1976 2
1977 6
1978 6
1979 4
1980 3
1981 6
1982 16
1983 12
1984 7
1985 7
1986 5
1987 4
1988 7
1989 18
1990 9
1991 2
1992 5
1993 3
1994 9
1995 4
1996 2
1997 5
1998 5
1999 4
2000 3
2001 27
2002 2
2003 2
2004 4
2005 9
2006 12
2007 5
2008 7
2009 2
2010 2
2011 2
2012 4
2013 4
2014 2
2015 2
2016 2
2017 4
2018 2
2019 2
2020 6
2021 2
2022 2
2023 9
2024 9
2025 10
2026 6
2027 25
2028 3
2029 2
2030 2
2031 5
2032 12
2033 3
2034 2
2035 2
2036 2
2037 3
2038 2
2039 9
2040 27
2041 4
2042 28
2043 2
2044 6
2045 2
2046 2
2047 17
2048 3
2049 4
2050 9
2051 6
2052 8
2053 6
2054 3
2055 24
2056 2
2057 9
2058 2
2059 6
2060 3
2061 7
2062 5
2063 5
2064 2
2065 4
2066 3
2067 7
2068 2
2069 4
2070 2
2071 4
2072 2
2073 2
2074 5
2075 3
2076 3
2077 4
2078 3
2079 2
2080 5
2081 5
2082 5
2083 8
2084 9
2085 3
2086 3
2087 3
2088 6
2089 2
2090 2
2091 4
2092 5
2093 4
2094 7
2095 7
2096 9
2097 3
2098 3
2099 6
2100 2
2101 26
2102 5
2103 8
2104 14
2105 18
2106 2
2107 18
2108 19
2109 14
2110 4
2111 9
2112 9
2113 3
2114 9
2115 6
2116 2
2117 14
2118 5
2119 5
2120 2
2121 8
2122 15
2123 7
2124 8
2125 13
2126 16
2127 3
2128 20
2129 7
2130 22
2131 14
2132 16
2133 10
2134 6
2135 8
2136 2
2137 6
2138 17
2139 22
2140 9
2141 7
2142 8
2143 7
2144 6
2145 3
2146 2
2147 7
2148 2
2149 3
2150 4
2151 16
2152 2
2153 5
2154 3
2155 3
2156 7
2157 2
2158 4
2159 2
2160 12
2161 3
2162 7
2163 2
2164 3
2165 15
2166 2
2167 2
2168 7
2169 3
2170 3
2171 3
2172 4
2173 4
2174 8
2175 2
2176 2
2177 3
2178 2
2179 3
2180 3
2181 5
2182 10
2183 6
2184 4
2185 7
2186 3
2187 3
2188 4
2189 2
2190 5
2191 5
2192 2
2193 7
2194 22
2195 2
2196 3
2197 4
2198 11
2199 5
2200 6
2201 2
2202 5
2203 2
2204 2
2205 4
2206 12
2207 3
2208 14
2209 2
2210 7
2211 2
2212 6
2213 5
2214 3
2215 7
2216 2
2217 8
2218 5
2219 10
2220 6
2221 6
2222 4
2223 3
2224 2
2225 8
2226 2
2227 7
2228 9
2229 5
2230 10
2231 5
2232 4
2233 2
2234 8
2235 3
2236 3
2237 5
2238 5
2239 2
2240 5
2241 5
2242 2
2243 3
2244 3
2245 3
2246 9
2247 9
2248 4
2249 4
2250 5
2251 3
2252 2
2253 6
2254 4
2255 7
2256 6
2257 3
2258 3
2259 7
2260 2
2261 14
2262 3
2263 2
2264 18
2265 2
2266 4
2267 4
2268 3
2269 9
2270 20
2271 3
2272 12
2273 4
2274 10
2275 9
2276 8
2277 16
2278 5
2279 11
2280 4
2281 5
2282 2
2283 4
2284 4
2285 2
2286 4
2287 9
2288 3
2289 21
2290 6
2291 7
2292 4
2293 6
2294 4
2295 2
2296 5
2297 9
2298 4
2299 11
2300 3
2301 3
2302 3
2303 2
2304 10
2305 5
2306 12
2307 8
2308 4
2309 12
2310 2
2311 2
2312 2
2313 4
2314 2
2315 3
2316 2
2317 3
2318 5
2319 2
2320 3
2321 2
2322 5
2323 5
2324 2
2325 3
2326 2
2327 2
2328 9
2329 10
2330 12
2331 11
2332 3
2333 4
2334 3
2335 3
2336 3
2337 11
2338 3
2339 4
2340 2
2341 12
2342 4
2343 8
2344 6
2345 8
2346 6
2347 5
2348 5
2349 5
2350 7
2351 3
2352 8
2353 3
2354 11
2355 13
2356 7
2357 4
2358 6
2359 2
2360 2
2361 4
2362 3
2363 4
2364 2
2365 2
2366 3
2367 5
2368 2
2369 5
2370 2
2371 2
2372 7
2373 2
2374 7
2375 4
2376 6
2377 9
2378 7
2379 7
2380 7
2381 8
2382 5
2383 5
2384 3
2385 7
2386 4
2387 8
2388 13
2389 4
2390 2
2391 2
2392 5
2393 2
2394 2
2395 3
2396 2
2397 2
2398 5
2399 5
2400 5
2401 8
2402 3
2403 6
2404 3
2405 5
2406 5
2407 3
2408 3
2409 5
2410 4
2411 8
2412 6
2413 3
2414 2
2415 14
2416 2
2417 5
2418 2
2419 3
2420 4
2421 8
2422 3
2423 2
2424 2
2425 3
2426 3
2427 5
2428 11
2429 2
2430 3
2431 4
2432 9
2433 5
2434 5
2435 5
2436 3
2437 4
2438 4
2439 11
2440 2
2441 16
2442 9
2443 5
2444 9
2445 10
2446 15
2447 5
2448 5
2449 16
2450 7
2451 9
2452 2
2453 3
2454 4
2455 14
2456 8
2457 7
2458 3
2459 9
2460 7
2461 5
2462 6
2463 13
2464 13
2465 5
2466 5
2467 9
2468 11
2469 23
2470 7
2471 8
2472 8
2473 12
2474 5
2475 19
2476 18
2477 17
2478 9
2479 5
2480 5
2481 2
2482 5
2483 2
2484 3
2485 2
2486 4
2487 5
2488 4
2489 6
2490 10
2491 3
2492 5
2493 6
2494 13
2495 3
2496 2
2497 4
2498 2
2499 5
2500 9
2501 9
2502 3
2503 3
2504 3
2505 2
2506 4
2507 6
2508 5
2509 5
2510 6
2511 5
2512 5
2513 5
2514 6
2515 5
2516 6
2517 2
2518 2
2519 2
2520 3
2521 2
2522 2
2523 4
2524 5
2525 3
2526 3
2527 5
2528 13
2529 3
2530 4
2531 3
2532 5
2533 3
2534 2
2535 7
2536 7
2537 3
2538 6
2539 2
2540 5
2541 4
2542 5
2543 6
2544 5
2545 5
2546 6
2547 2
2548 5
2549 3
2550 2
2551 2
2552 3
2553 7
2554 2
2555 6
2556 6
2557 4
2558 2
2559 13
2560 3
2561 4
2562 3
2563 2
2564 5
2565 3
2566 4
2567 4
2568 3
2569 6
2570 5
2571 6
2572 7
2573 3
2574 5
2575 5
2576 11
2577 5
2578 6
2579 11
2580 3
2581 4
2582 8
2583 22
2584 19
2585 11
2586 8
2587 5
2588 5
2589 4
2590 4
2591 2
2592 4
2593 3
2594 3
2595 2
2596 8
2597 2
2598 2
2599 2
2600 4
2601 2
2602 5
2603 4
2604 4
2605 3
2606 8
2607 5
2608 7
2609 6
2610 3
2611 4
2612 3
2613 3
2614 2
2615 7
2616 2
2617 9
2618 6
2619 3
2620 5
2621 7
2622 2
2623 5
2624 2
2625 9
2626 7
2627 2
2628 3
2629 14
2630 7
2631 5
2632 4
2633 7
2634 13
2635 11
2636 13
2637 7
2638 4
2639 13
2640 5
2641 9
2642 2
2643 2
2644 5
2645 8
2646 23
2647 3
2648 4
2649 4
2650 6
2651 6
2652 5
2653 14
2654 9
2655 2
2656 6
2657 2
2658 5
2659 2
2660 4
2661 4
2662 11
2663 4
2664 11
2665 2
2666 3
2667 4
2668 10
2669 3
2670 5
2671 3
2672 3
2673 8
2674 3
2675 3
2676 7
2677 6
2678 4
2679 11
2680 8
2681 4
2682 5
2683 4
2684 4
2685 2
2686 2
2687 5
2688 3
2689 6
2690 4
2691 6
2692 2
2693 3
2694 9
2695 2
2696 4
2697 3
2698 4
2699 20
2700 8
2701 3
2702 3
2703 2
2704 5
2705 9
2706 8
2707 9
2708 2
2709 5
2710 5
2711 7
2712 10
2713 12
2714 4
2715 4
2716 4
2717 2
2718 5
2719 3
2720 3
2721 4
2722 3
2723 5
2724 2
2725 4
2726 4
2727 4
2728 8
2729 2
2730 2
2731 2
2732 8
2733 3
2734 2
2735 2
2736 2
2737 13
2738 2
2739 5
2740 3
2741 25
2742 3
2743 6
2744 5
2745 2
2746 4
2747 3
2748 3
2749 3
2750 2
2751 7
2752 15
2753 9
2754 6
2755 4
2756 6
2757 13
2758 9
2759 7
2760 3
2761 2
2762 4
2763 4
2764 2
2765 11
2766 3
2767 11
2768 3
2769 7
2770 5
2771 3
2772 2
2773 6
2774 3
2775 6
2776 2
2777 2
2778 2
2779 4
2780 2
2781 9
2782 2
2783 6
2784 5
2785 2
2786 6
2787 2
2788 2
2789 3
2790 3
2791 3
2792 4
2793 4
2794 2
2795 2
2796 3
2797 3
2798 4
2799 3
2800 5
2801 7
2802 16
2803 3
2804 4
2805 7
2806 7
2807 9
2808 3
2809 4
2810 4
2811 2
2812 6
2813 6
2814 9
2815 2
2816 8
2817 2
2818 3
2819 6
2820 6
2821 2
2822 7
2823 3
2824 9
2825 8
2826 4
2827 2
2828 7
2829 3
2830 2
2831 3
2832 2
2833 3
2834 2
2835 2
2836 8
2837 5
2838 5
2839 10
2840 8
2841 2
2842 3
2843 2
2844 5
2845 2
2846 2
2847 3
2848 5
2849 3
2850 4
2851 2
2852 4
2853 5
2854 4
2855 11
2856 4
2857 2
2858 2
2859 3
2860 3
2861 8
2862 6
2863 7
2864 4
2865 8
2866 8
2867 2
2868 3
2869 3
2870 2
2871 5
2872 3
2873 6
2874 3
2875 3
2876 2
2877 2
2878 2
2879 2
2880 6
2881 2
2882 11
2883 9
2884 3
2885 16
2886 3
2887 3
2888 9
2889 3
2890 3
2891 4
2892 3
2893 3
2894 5
2895 2
2896 2
2897 2
2898 3
2899 5
2900 2
2901 10
2902 5
2903 5
2904 5
2905 5
2906 4
2907 2
2908 6
2909 4
2910 2
2911 6
2912 6
2913 4
2914 5
2915 3
2916 4
2917 7
2918 5
2919 3
2920 4
2921 2
2922 4
2923 6
2924 6
2925 5
2926 2
2927 2
2928 2
2929 3
2930 4
2931 9
2932 6
2933 7
2934 4
2935 3
2936 2
2937 3
2938 3
2939 2
2940 3
2941 2
2942 4
2943 5
2944 7
2945 5
2946 5
2947 2
2948 2
2949 3
2950 7
2951 3
2952 6
2953 5
2954 13
2955 3
2956 5
2957 2
2958 5
2959 6
2960 3
2961 2
2962 9
2963 4
2964 6
2965 4
2966 3
2967 2
2968 3
2969 5
2970 9
2971 7
2972 7
2973 3
2974 2
2975 3
2976 2
2977 15
2978 4
2979 6
2980 2
2981 4
2982 2
2983 2
2984 4
2985 2
2986 6
2987 5
2988 3
2989 4
2990 6
2991 2
2992 5
2993 5
2994 2
2995 2
2996 4
2997 5
2998 9
2999 3
3000 2
3001 3
3002 4
3003 4
3004 2
3005 4
3006 2
3007 8
3008 2
3009 2
3010 2
3011 5
3012 4
3013 2
3014 4
3015 2
3016 2
3017 4
3018 2
3019 2
3020 6
3021 4
3022 3
3023 5
3024 4
3025 3
3026 4
3027 2
3028 2
3029 2
3030 5
3031 2
3032 12
3033 3
3034 4
3035 6
3036 3
3037 3
3038 5
3039 6
3040 4
3041 8
3042 7
3043 3
3044 2
3045 2
3046 2
3047 4
3048 4
3049 2
3050 4
3051 2
3052 3
3053 4
3054 4
3055 3
3056 3
3057 5
3058 2
3059 5
3060 6
3061 4
3062 3
3063 10
3064 6
3065 2
3066 4
3067 5
3068 5
3069 8
3070 9
3071 4
3072 12
3073 5
3074 6
3075 3
3076 2
3077 7
3078 2
3079 3
3080 4
3081 2
3082 3
3083 2
3084 2
3085 5
3086 4
3087 8
3088 6
3089 2
3090 4
3091 2
3092 5
3093 2
3094 6
3095 4
3096 4
3097 14
3098 4
3099 7
3100 5
3101 7
3102 2
3103 6
3104 7
3105 11
3106 2
3107 2
3108 9
3109 3
3110 2
3111 3
3112 2
3113 10
3114 5
3115 4
3116 5
3117 5
3118 3
3119 3
3120 6
3121 6
3122 4
3123 3
3124 4
3125 4
3126 2
3127 4
3128 3
3129 8
3130 2
3131 2
3132 2
3133 6
3134 4
3135 5
3136 8
3137 8
3138 4
3139 3
3140 3
3141 6
3142 2
3143 9
3144 2
3145 5
3146 4
3147 3
3148 2
3149 2
3150 3
3151 2
3152 2
3153 4
3154 2
3155 3
3156 3
3157 2
3158 2
3159 2
3160 3
3161 6
3162 2
3163 3
3164 6
3165 4
3166 2
3167 4
3168 5
3169 6
3170 3
3171 6
3172 4
3173 5
3174 4
3175 8
3176 2
3177 7
3178 6
3179 4
3180 4
3181 4
3182 3
3183 4
3184 2
3185 2
3186 8
3187 2
3188 5
3189 5
3190 4
3191 3
3192 2
3193 2
3194 4
3195 2
3196 3
3197 6
3198 2
3199 2
3200 4
3201 2
3202 3
3203 2
3204 4
3205 11
3206 6
3207 3
3208 2
3209 2
3210 2
3211 5
3212 2
3213 2
3214 2
3215 9
3216 5
3217 6
3218 2
3219 7
3220 5
3221 2
3222 8
3223 3
3224 3
3225 4
3226 8
3227 2
3228 3
3229 11
3230 4
3231 9
3232 3
3233 3
3234 2
3235 5
3236 13
3237 2
3238 4
3239 7
3240 2
3241 4
3242 3
3243 6
3244 8
3245 2
3246 2
3247 3
3248 10
3249 2
3250 6
3251 3
3252 6
3253 2
3254 3
3255 5
3256 5
3257 4
3258 2
3259 3
3260 2
3261 2
3262 2
3263 6
3264 3
3265 5
3266 2
3267 3
3268 5
3269 3
3270 4
3271 4
3272 5
3273 5
3274 6
3275 5
3276 6
3277 2
3278 2
3279 4
3280 5
3281 3
3282 2
3283 3
3284 2
3285 4
3286 4
3287 2
3288 5
3289 4
3290 3
3291 5
3292 3
3293 7
3294 7
3295 3
3296 18
3297 7
3298 5
3299 6
3300 9
3301 3
3302 3
3303 4
3304 4
3305 3
3306 2
3307 5
3308 3
3309 5
3310 8
3311 2
3312 5
3313 4
3314 3
3315 2
3316 4
3317 8
3318 2
3319 2
3320 2
3321 7
3322 7
3323 7
3324 4
3325 13
3326 6
3327 4
3328 7
3329 9
3330 2
3331 5
3332 3
3333 4
3334 2
3335 2
3336 4
3337 7
3338 3
3339 2
3340 4
3341 3
3342 3
3343 14
3344 3
3345 9
3346 2
3347 4
3348 4
3349 4
3350 5
3351 2
3352 4
3353 3
3354 12
3355 4
3356 3
3357 5
3358 2
3359 2
3360 7
3361 10
3362 3
3363 2
3364 9
3365 2
3366 2
3367 2
3368 2
3369 2
3370 2
3371 6
3372 5
3373 6
3374 2
3375 3
3376 3
3377 13
3378 14
3379 7
3380 9
3381 8
3382 3
3383 4
3384 17
3385 13
3386 8
3387 4
3388 4
3389 2
3390 2
3391 2
3392 2
3393 3
3394 5
3395 4
3396 3
3397 6
3398 9
3399 5
3400 6
3401 5
3402 2
3403 3
3404 2
3405 3
3406 2
3407 7
3408 7
3409 8
3410 2
3411 4
3412 4
3413 2
3414 3
3415 5
3416 4
3417 2
3418 2
3419 5
3420 3
3421 2
3422 5
3423 3
3424 4
3425 3
3426 2
3427 3
3428 3
3429 3
3430 3
3431 6
3432 2
3433 2
3434 3
3435 4
3436 13
3437 3
3438 2
3439 6
3440 4
3441 2
3442 3
3443 5
3444 2
3445 2
3446 3
3447 2
3448 4
3449 2
3450 2
3451 4
3452 3
3453 3
3454 3
3455 3
3456 5
3457 5
3458 2
3459 2
3460 2
3461 7
3462 2
3463 19
3464 8
3465 10
3466 11
3467 30
3468 11
3469 3
3470 13
3471 2
3472 2
3473 2
3474 2
3475 2
3476 9
3477 2
3478 4
3479 6
3480 8
3481 5
3482 9
3483 6
3484 7
3485 3
3486 22
3487 5
3488 4
3489 7
3490 4
3491 6
3492 5
3493 8
3494 6
3495 2
3496 2
3497 11
3498 7
3499 4
3500 4
3501 3
3502 3
3503 4
3504 4
3505 4
3506 3
3507 4
3508 3
3509 3
3510 2
3511 2
3512 5
3513 4
3514 3
3515 7
3516 6
3517 3
3518 3
3519 2
3520 2
3521 3
3522 2
3523 3
3524 4
3525 5
3526 2
3527 2
3528 5
3529 4
3530 8
3531 5
3532 2
3533 2
3534 2
3535 2
3536 5
3537 6
3538 2
3539 4
3540 2
3541 2
3542 2
3543 2
3544 4
3545 2
3546 4
3547 2
3548 4
3549 2
3550 11
3551 2
3552 6
3553 5
3554 3
3555 13
3556 3
3557 7
3558 8
3559 2
3560 3
3561 5
3562 2
3563 3
3564 3
3565 3
3566 2
3567 4
3568 7
3569 2
3570 8
3571 3
3572 2
3573 3
3574 9
3575 5
3576 5
3577 2
3578 10
3579 9
3580 4
3581 4
3582 3
3583 4
3584 5
3585 2
3586 5
3587 6
3588 3
3589 2
3590 3
3591 4
3592 5
3593 7
3594 4
3595 3
3596 5
3597 8
3598 3
3599 5
3600 8
3601 2
3602 3
3603 2
3604 15
3605 3
3606 9
3607 12
3608 9
3609 2
3610 4
3611 4
3612 2
3613 2
3614 7
3615 10
3616 7
3617 2
3618 3
3619 6
3620 3
3621 2
3622 2
3623 2
3624 3
3625 3
3626 3
3627 3
3628 4
3629 8
3630 3
3631 3
3632 3
3633 2
3634 4
3635 2
3636 2
3637 4
3638 5
3639 6
3640 4
3641 6
3642 4
3643 4
3644 2
3645 2
3646 2
3647 2
3648 4
3649 3
3650 4
3651 2
3652 2
3653 2
3654 4
3655 4
3656 3
3657 3
3658 2
3659 2
3660 4
3661 5
3662 5
3663 3
3664 5
3665 10
3666 5
3667 4
3668 2
3669 3
3670 2
3671 2
3672 2
3673 2
3674 2
3675 2
3676 5
3677 2
3678 3
3679 3
3680 2
3681 2
3682 5
3683 5
3684 3
3685 4
3686 4
3687 3
3688 2
3689 6
3690 5
3691 14
3692 8
3693 3
3694 2
3695 4
3696 5
3697 3
3698 2
3699 2
3700 2
3701 2
3702 2
3703 4
3704 12
3705 3
3706 3
3707 9
3708 2
3709 4
3710 2
3711 6
3712 2
3713 4
3714 3
3715 5
3716 3
3717 17
3718 9
3719 2
3720 4
3721 7
3722 2
3723 4
3724 2
3725 6
3726 4
3727 2
3728 2
3729 7
3730 7
3731 2
3732 3
3733 8
3734 4
3735 3
3736 6
3737 8
3738 3
3739 5
3740 2
3741 2
3742 3
3743 5
3744 3
3745 8
3746 4
3747 3
3748 2
3749 2
3750 2
3751 5
3752 4
3753 3
3754 2
3755 2
3756 2
3757 5
3758 2
3759 2
3760 7
3761 2
3762 3
3763 9
3764 3
3765 3
3766 2
3767 11
3768 3
3769 5
3770 14
3771 6
3772 2
3773 3
3774 3
3775 5
3776 3
3777 3
3778 3
3779 7
3780 2
3781 4
3782 8
3783 4
3784 2
3785 5
3786 9
3787 4
3788 4
3789 3
3790 3
3791 8
3792 8
3793 6
3794 8
3795 4
3796 5
3797 7
3798 2
3799 9
3800 5
3801 4
3802 5
3803 3
3804 5
3805 4
3806 4
3807 5
3808 13
3809 7
3810 12
3811 8
3812 6
3813 9
3814 9
3815 7
3816 4
3817 2
3818 4
3819 3
3820 4
3821 2
3822 2
3823 4
3824 4
3825 4
3826 2
3827 2
3828 2
3829 3
3830 2
3831 2
3832 7
3833 2
3834 4
3835 7
3836 3
3837 5
3838 5
3839 5
3840 3
3841 4
3842 5
3843 2
3844 2
3845 2
3846 5
3847 2
3848 2
3849 3
3850 4
3851 16
3852 2
3853 4
3854 2
3855 4
3856 2
3857 4
3858 3
3859 9
3860 2
3861 2
3862 4
3863 6
3864 2
3865 2
3866 3
3867 4
3868 5
3869 11
3870 2
3871 5
3872 5
3873 4
3874 4
3875 8
3876 5
3877 2
3878 4
3879 5
3880 5
3881 2
3882 3
3883 3
3884 4
3885 3
3886 2
3887 2
3888 7
3889 2
3890 7
3891 3
3892 6
3893 5
3894 6
3895 3
3896 2
3897 2
3898 5
3899 2
3900 2
3901 2
3902 3
3903 3
3904 2
3905 4
3906 5
3907 5
3908 2
3909 5
3910 6
3911 9
3912 5
3913 2
3914 2
3915 4
3916 3
3917 11
3918 6
3919 4
3920 3
3921 2
3922 2
3923 3
3924 7
3925 6
3926 3
3927 3
3928 2
3929 2
3930 2
3931 2
3932 3
3933 2
3934 2
3935 4
3936 6
3937 2
3938 5
3939 8
3940 7
3941 3
3942 2
3943 2
3944 2
3945 2
3946 2
3947 4
3948 4
3949 2
3950 4
3951 2
3952 3
3953 2
3954 3
3955 3
3956 2
3957 4
3958 2
3959 2
3960 2
3961 3
3962 5
3963 5
3964 2
3965 3
3966 4
3967 3
3968 2
3969 2
3970 4
3971 4
3972 2
3973 4
3974 4
3975 8
3976 6
3977 6
3978 9
3979 4
3980 3
3981 7
3982 3
3983 2
3984 2
3985 2
3986 4
3987 2
3988 2
3989 3
3990 2
3991 3
3992 3
3993 3
3994 4
3995 5
3996 5
3997 6
3998 5
3999 6
4000 5
4001 4
4002 5
4003 11
4004 9
4005 6
4006 3
4007 5
4008 3
4009 4
4010 11
4011 3
4012 3
4013 5
4014 4
4015 7
4016 4
4017 3
4018 2
4019 5
4020 3
4021 4
4022 6
4023 5
4024 13
4025 8
4026 2
4027 8
4028 7
4029 5
4030 2
4031 4
4032 6
4033 3
4034 6
4035 5
4036 8
4037 4
4038 2
4039 3
4040 3
4041 4
4042 2
4043 4
4044 5
4045 2
4046 2
4047 5
4048 2
4049 2
4050 3
4051 4
4052 5
4053 4
4054 2
4055 5
4056 3
4057 4
4058 3
4059 7
4060 3
4061 8
4062 3
4063 2
4064 7
4065 5
4066 4
4067 4
4068 4
4069 2
4070 3
4071 3
4072 2
4073 2
4074 2
4075 2
4076 3
4077 2
4078 4
4079 5
4080 3
4081 6
4082 3
4083 2
4084 4
4085 2
4086 8
4087 5
4088 2
4089 2
4090 3
4091 3
4092 5
4093 2
4094 11
4095 4
4096 3
4097 6
4098 6
4099 2
4100 2
4101 2
4102 5
4103 3
4104 6
4105 2
4106 4
4107 2
4108 5
4109 2
4110 4
4111 4
4112 4
4113 2
4114 6
4115 4
4116 5
4117 5
4118 2
4119 3
4120 4
4121 4
4122 3
4123 3
4124 2
4125 3
4126 3
4127 2
4128 2
4129 2
4130 2
4131 2
4132 4
4133 2
4134 3
4135 2
4136 2
4137 4
4138 7
4139 5
4140 3
4141 2
4142 7
4143 2
4144 5
4145 2
4146 2
4147 2
4148 2
4149 3
4150 5
4151 2
4152 2
4153 2
4154 3
4155 2
4156 7
4157 2
4158 3
4159 3
4160 3
4161 2
4162 2
4163 2
4164 7
4165 2
4166 2
4167 4
4168 3
4169 2
4170 4
4171 2
4172 3
4173 2
4174 6
4175 11
4176 3
4177 2
4178 2
4179 4
4180 2
4181 2
4182 2
4183 2
4184 3
4185 2
4186 9
4187 3
4188 10
4189 4
4190 5
4191 7
4192 2
4193 2
4194 2
4195 2
4196 3
4197 2
4198 5
4199 2
4200 2
4201 2
4202 2
4203 2
4204 3
4205 10
4206 5
4207 7
4208 6
4209 4
4210 6
4211 9
4212 6
4213 9
4214 7
4215 5
4216 5
4217 5
4218 5
4219 4
4220 2
4221 6
4222 2
4223 4
4224 2
4225 5
4226 3
4227 5
4228 7
4229 3
4230 4
4231 4
4232 3
4233 2
4234 2
4235 2
4236 2
4237 4
4238 4
4239 5
4240 3
4241 8
4242 2
4243 6
4244 3
4245 5
4246 6
4247 3
4248 5
4249 5
4250 3
4251 2
4252 10
4253 5
4254 2
4255 2
4256 2
4257 2
4258 2
4259 2
4260 3
4261 4
4262 4
4263 5
4264 6
4265 10
4266 4
4267 4
4268 3
4269 2
4270 3
4271 2
4272 6
4273 2
4274 2
4275 4
4276 2
4277 2
4278 8
4279 3
4280 7
4281 2
4282 2
4283 4
4284 3
4285 2
4286 2
4287 2
4288 2
4289 3
4290 3
4291 3
4292 2
4293 2
4294 2
4295 4
4296 2
4297 3
4298 2
4299 2
4300 2
4301 3
4302 4
4303 5
4304 6
4305 5
4306 5
4307 4
4308 8
4309 10
4310 6
4311 8
4312 3
4313 5
4314 2
4315 9
4316 2
4317 3
4318 3
4319 6
4320 2
4321 3
4322 3
4323 2
4324 6
4325 2
4326 4
4327 3
4328 5
4329 5
4330 3
4331 2
4332 6
4333 2
4334 2
4335 2
4336 2
4337 4
4338 3
4339 2
4340 4
4341 3
4342 6
4343 2
4344 2
4345 13
4346 5
4347 3
4348 5
4349 2
4350 2
4351 2
4352 3
4353 2
4354 3
4355 3
4356 4
4357 3
4358 2
4359 3
4360 2
4361 3
4362 2
4363 3
4364 2
4365 2
4366 2
4367 3
4368 2
4369 3
4370 4
4371 5
4372 3
4373 4
4374 3
4375 5
4376 2
4377 4
4378 7
4379 3
4380 2
4381 2
4382 2
4383 2
4384 4
4385 5
4386 2
4387 2
4388 2
4389 4
4390 2
4391 2
4392 3
4393 2
4394 3
4395 4
4396 3
4397 5
4398 4
4399 2
4400 3
4401 2
4402 5
4403 7
4404 9
4405 6
4406 4
4407 4
4408 2
4409 3
4410 3
4411 12
4412 3
4413 4
4414 3
4415 2
4416 2
4417 3
4418 6
4419 2
4420 5
4421 4
4422 2
4423 7
4424 2
4425 4
4426 5
4427 3
4428 2
4429 2
4430 11
4431 2
4432 4
4433 3
4434 2
4435 4
4436 3
4437 3
4438 2
4439 2
4440 12
4441 4
4442 2
4443 6
4444 2
4445 2
4446 4
4447 2
4448 5
4449 5
4450 5
4451 4
4452 8
4453 5
4454 8
4455 5
4456 4
4457 9
4458 7
4459 8
4460 10
4461 2
4462 2
4463 2
4464 3
4465 2
4466 3
4467 2
4468 2
4469 3
4470 4
4471 2
4472 4
4473 2
4474 2
4475 4
4476 2
4477 4
4478 2
4479 3
4480 3
4481 2
4482 3
4483 2
4484 2
4485 2
4486 3
4487 2
4488 2
4489 2
4490 3
4491 2
4492 2
4493 4
4494 2
4495 4
4496 2
4497 2
4498 6
4499 5
4500 3
4501 4
4502 2
4503 5
4504 5
4505 3
4506 10
4507 2
4508 3
4509 4
4510 6
4511 4
4512 2
4513 2
4514 2
4515 3
4516 3
4517 2
4518 3
4519 2
4520 2
4521 6
4522 3
4523 5
4524 7
4525 2
4526 5
4527 4
4528 7
4529 7
4530 3
4531 4
4532 2
4533 4
4534 3
4535 4
4536 3
4537 3
4538 4
4539 2
4540 2
4541 2
4542 4
4543 2
4544 3
4545 2
4546 2
4547 4
4548 5
4549 2
4550 3
4551 2
4552 2
4553 3
4554 4
4555 2
4556 2
4557 2
4558 2
4559 2
4560 2
4561 6
4562 2
4563 3
4564 2
4565 3
4566 2
4567 6
4568 6
4569 5
4570 2
4571 3
4572 2
4573 3
4574 4
4575 5
4576 9
4577 15
4578 3
4579 4
4580 2
4581 3
4582 5
4583 2
4584 5
4585 2
4586 2
4587 5
4588 3
4589 4
4590 2
4591 2
4592 3
4593 2
4594 2
4595 2
4596 2
4597 4
4598 2
4599 3
4600 5
4601 2
4602 4
4603 5
4604 7
4605 5
4606 4
4607 7
4608 2
4609 2
4610 2
4611 6
4612 3
4613 2
4614 3
4615 2
4616 3
4617 4
4618 2
4619 2
4620 4
4621 2
4622 3
4623 2
4624 3
4625 3
4626 2
4627 4
4628 3
4629 2
4630 2
4631 2
4632 2
4633 2
4634 4
4635 3
4636 2
4637 3
4638 4
4639 2
4640 7
4641 2
4642 6
4643 5
4644 3
4645 6
4646 6
4647 2
4648 4
4649 2
4650 2
4651 3
4652 5
4653 5
4654 4
4655 2
4656 5
4657 2
4658 2
4659 2
4660 3
4661 2
4662 2
4663 2
4664 2
4665 4
4666 2
4667 3
4668 2
4669 2
4670 2
4671 2
4672 2
4673 5
4674 4
4675 2
4676 3
4677 3
4678 3
4679 3
4680 7
4681 2
4682 2
4683 2
4684 2
4685 2
4686 3
4687 3
4688 2
4689 5
4690 4
4691 3
4692 2
4693 4
4694 3
4695 6
4696 5
4697 6
4698 2
4699 5
4700 5
4701 4
4702 6
4703 7
4704 3
4705 2
4706 4
4707 4
4708 8
4709 3
4710 3
4711 3
4712 2
4713 4
4714 5
4715 2
4716 3
4717 2
4718 2
4719 3
4720 3
4721 2
4722 2
4723 2
4724 2
4725 8
4726 3
4727 2
4728 2
4729 3
4730 4
4731 6
4732 5
4733 3
4734 2
4735 3
4736 2
4737 3
4738 3
4739 3
4740 2
4741 4
4742 2
4743 2
4744 2
4745 2
4746 2
4747 5
4748 2
4749 3
4750 3
4751 3
4752 3
4753 2
4754 4
4755 3
4756 4
4757 3
4758 2
4759 3
4760 3
4761 2
4762 2
4763 2
4764 2
4765 2
4766 2
4767 4
4768 5
4769 2
4770 3
4771 4
4772 5
4773 2
4774 4
4775 2
4776 4
4777 3
4778 3
4779 2
4780 4
4781 3
4782 5
4783 2
4784 3
4785 2
4786 4
4787 2
4788 2
4789 2
4790 2
4791 2
4792 9
4793 5
4794 2
4795 2
4796 3
4797 2
4798 7
4799 4
4800 2
4801 2
4802 3
4803 3
4804 5
4805 2
4806 3
4807 5
4808 4
4809 5
4810 2
4811 2
4812 4
4813 5
4814 5
4815 3
4816 2
4817 5
4818 3
4819 14
4820 2
4821 7
4822 4
4823 2
4824 3
4825 4
4826 3
4827 5
4828 2
4829 4
4830 4
4831 3
4832 4
4833 5
4834 2
4835 6
4836 2
4837 3
4838 2
4839 3
4840 3
4841 2
4842 3
4843 3
4844 4
4845 4
4846 4
4847 9
4848 2
4849 2
4850 6
4851 2
4852 2
4853 3
4854 2
4855 3
4856 2
4857 5
4858 2
4859 3
4860 2
4861 3
4862 6
4863 5
4864 6
4865 4
4866 2
4867 2
4868 2
4869 3
4870 2
4871 2
4872 3
4873 5
4874 2
4875 2
4876 8
4877 9
4878 2
4879 2
4880 2
4881 3
4882 2
4883 3
4884 2
4885 2
4886 4
4887 2
4888 3
4889 3
4890 3
4891 3
4892 3
4893 5
4894 2
4895 3
4896 2
4897 2
4898 4
4899 2
4900 2
4901 3
4902 5
4903 2
4904 2
4905 5
4906 4
4907 4
4908 3
4909 2
4910 3
4911 4
4912 2
4913 5
4914 3
4915 3
4916 2
4917 2
4918 2
4919 3
4920 2
4921 4
4922 2
4923 2
4924 3
4925 3
4926 9
4927 4
4928 13
4929 2
4930 2
4931 2
4932 2
4933 5
4934 2
4935 3
4936 4
4937 3
4938 2
4939 7
4940 3
4941 4
4942 3
4943 9
4944 2
4945 4
4946 2
4947 6
4948 2
4949 2
4950 2
4951 2
4952 6
4953 2
4954 2
4955 2
4956 2
4957 3
4958 4
4959 3
4960 2
4961 2
4962 3
4963 2
4964 2
4965 4
4966 5
4967 3
4968 8
4969 5
4970 4
4971 7
4972 2
4973 2
4974 3
4975 6
4976 2
4977 2
4978 6
4979 4
4980 2
4981 2
4982 5
4983 3
4984 2
4985 3
4986 3
4987 3
4988 4
4989 5
4990 2
4991 2
4992 2
4993 2
4994 4
4995 3
4996 3
4997 3
4998 2
4999 3
5000 2
5001 3
5002 3
5003 2
5004 2
5005 2
5006 3
5007 4
5008 2
5009 2
5010 3
5011 6
5012 2
5013 5
5014 5
5015 2
5016 2
5017 3
5018 2
5019 2
5020 2
5021 4
5022 2
5023 2
5024 2
5025 4
5026 4
5027 5
5028 2
5029 4
5030 5
5031 2
5032 4
5033 2
5034 2
5035 3
5036 2
5037 5
5038 3
5039 3
5040 4
5041 2
5042 3
5043 3
5044 3
5045 3
5046 4
5047 2
5048 3
5049 7
5050 4
5051 2
5052 3
5053 2
5054 5
5055 2
5056 2
5057 2
5058 2
5059 2
5060 4
5061 3
5062 5
5063 2
5064 2
5065 4
5066 2
5067 2
5068 3
5069 2
5070 2
5071 3
5072 6
5073 3
5074 3
5075 2
5076 5
5077 2
5078 2
5079 4
5080 2
5081 3
5082 3
5083 5
5084 3
5085 2
5086 6
5087 5
5088 2
5089 3
5090 2
5091 3
5092 2
5093 2
5094 5
5095 2
5096 2
5097 3
5098 12
5099 3
5100 3
5101 3
5102 2
5103 6
5104 2
5105 2
5106 3
5107 2
5108 3
5109 3
5110 6
5111 3
5112 3
5113 4
5114 2
5115 2
5116 2
5117 2
5118 2
5119 4
5120 3
5121 2
5122 2
5123 2
5124 3
5125 2
5126 2
5127 4
5128 4
5129 3
5130 4
5131 3
5132 4
5133 5
5134 3
5135 12
5136 7
5137 6
5138 5
5139 2
5140 2
5141 3
5142 5
5143 2
5144 2
5145 4
5146 5
5147 4
5148 7
5149 3
5150 3
5151 4
5152 3
5153 3
5154 6
5155 5
5156 2
5157 3
5158 2
5159 2
5160 4
5161 2
5162 3
5163 4
5164 4
5165 11
5166 2
5167 2
5168 3
5169 4
5170 5
5171 3
5172 2
5173 3
5174 3
5175 2
5176 3
5177 3
5178 3
5179 3
5180 2
5181 3
5182 3
5183 3
5184 5
5185 3
5186 2
5187 4
5188 2
5189 2
5190 2
5191 2
5192 3
5193 3
5194 2
5195 4
5196 3
5197 4
5198 3
5199 3
5200 2
5201 2
5202 2
5203 2
5204 2
5205 2
5206 5
5207 2
5208 6
5209 2
5210 2
5211 5
5212 3
5213 3
5214 2
5215 2
5216 3
5217 2
5218 2
5219 4
5220 3
5221 6
5222 4
5223 4
5224 2
5225 2
5226 2
5227 9
5228 3
5229 2
5230 2
5231 3
5232 2
5233 6
5234 2
5235 3
5236 3
5237 3
5238 5
5239 5
5240 5
5241 2
5242 2
5243 2
5244 4
5245 4
5246 3
5247 2
5248 2
5249 2
5250 3
5251 7
5252 2
5253 2
5254 2
5255 2
5256 5
5257 2
5258 2
5259 2
5260 3
5261 4
5262 2
5263 3
5264 3
5265 2
5266 2
5267 2
5268 3
5269 3
5270 2
5271 3
5272 3
5273 3
5274 4
5275 2
5276 3
5277 3
5278 4
5279 2
5280 2
5281 5
5282 2
5283 10
5284 5
5285 5
5286 2
5287 6
5288 2
5289 2
5290 5
5291 3
5292 2
5293 5
5294 3
5295 2
5296 3
5297 2
5298 4
5299 2
5300 2
5301 3
5302 5
5303 5
5304 2
5305 2
5306 8
5307 2
5308 3
5309 2
5310 3
5311 2
5312 3
5313 2
5314 4
5315 2
5316 2
5317 5
5318 3
5319 5
5320 4
5321 5
5322 5
5323 3
5324 5
5325 2
5326 6
5327 2
5328 2
5329 7
5330 3
5331 3
5332 4
5333 2
5334 3
5335 3
5336 3
5337 3
5338 2
5339 4
5340 5
5341 3
5342 2
5343 2
5344 5
5345 2
5346 2
5347 2
5348 2
5349 3
5350 5
5351 2
5352 2
5353 5
5354 3
5355 5
5356 2
5357 3
5358 4
5359 4
5360 3
5361 4
5362 3
5363 4
5364 3
5365 3
5366 3
5367 2
5368 2
5369 2
5370 3
5371 5
5372 2
5373 3
5374 2
5375 2
5376 2
5377 2
5378 2
5379 2
5380 2
5381 2
5382 3
5383 2
5384 2
5385 3
5386 3
5387 3
5388 2
5389 3
5390 2
5391 3
5392 5
5393 2
5394 2
5395 4
5396 2
5397 2
5398 5
5399 3
5400 2
5401 2
5402 5
5403 3
5404 3
5405 2
5406 2
5407 2
5408 2
5409 8
5410 3
5411 3
5412 2
5413 2
5414 4
5415 2
5416 3
5417 3
5418 3
5419 2
5420 2
5421 4
5422 6
5423 3
5424 2
5425 2
5426 2
5427 2
5428 2
5429 2
5430 3
5431 4
5432 2
5433 3
5434 4
5435 3
5436 2
5437 3
5438 2
5439 3
5440 6
5441 2
5442 2
5443 4
5444 2
5445 2
5446 3
5447 2
5448 3
5449 4
5450 3
5451 2
5452 2
5453 2
5454 2
5455 2
5456 2
5457 2
5458 2
5459 6
5460 2
5461 3
5462 2
5463 3
5464 4
5465 6
5466 4
5467 3
5468 4
5469 5
5470 2
5471 3
5472 2
5473 2
5474 2
5475 2
5476 3
5477 4
5478 6
5479 3
5480 3
5481 2
5482 2
5483 3
5484 7
5485 2
5486 3
5487 3
5488 2
5489 5
5490 3
5491 2
5492 4
5493 4
5494 5
5495 8
5496 3
5497 4
5498 4
5499 3
5500 2
5501 3
5502 2
5503 3
5504 4
5505 7
5506 2
5507 2
5508 3
5509 2
5510 2
5511 3
5512 3
5513 5
5514 4
5515 2
5516 2
5517 3
5518 2
5519 2
5520 3
5521 2
5522 3
5523 4
5524 2
5525 2
5526 3
5527 4
5528 4
5529 3
5530 3
5531 2
5532 3
5533 3
5534 6
5535 2
5536 2
5537 2
5538 2
5539 2
5540 2
5541 2
5542 2
5543 3
5544 2
5545 2
5546 2
5547 3
5548 3
5549 5
5550 3
5551 5
5552 4
5553 2
5554 2
5555 3
5556 4
5557 4
5558 5
5559 3
5560 3
5561 2
5562 2
5563 7
5564 2
5565 2
5566 2
5567 4
5568 2
5569 2
5570 4
5571 4
5572 5
5573 8
5574 2
5575 5
5576 4
5577 3
5578 4
5579 3
5580 4
5581 4
5582 2
5583 2
5584 2
5585 2
5586 3
5587 2
5588 2
5589 2
5590 2
5591 2
5592 4
5593 4
5594 6
5595 2
5596 2
5597 8
5598 3
5599 2
5600 2
5601 2
5602 2
5603 3
5604 2
5605 3
5606 5
5607 2
5608 4
5609 2
5610 2
5611 2
5612 3
5613 5
5614 6
5615 3
5616 2
5617 2
5618 3
5619 2
5620 3
5621 3
5622 3
5623 4
5624 2
5625 2
5626 2
5627 3
5628 2
5629 2
5630 3
5631 2
5632 2
5633 2
5634 4
5635 3
5636 2
5637 2
5638 2
5639 2
5640 2
5641 2
5642 4
5643 2
5644 3
5645 4
5646 3
5647 2
5648 2
5649 3
5650 2
5651 2
5652 8
5653 4
5654 3
5655 3
5656 2
5657 3
5658 2
5659 2
5660 4
5661 2
5662 2
5663 4
5664 2
5665 3
5666 3
5667 4
5668 2
5669 3
5670 2
5671 3
5672 2
5673 6
5674 2
5675 2
5676 3
5677 3
5678 2
5679 3
5680 2
5681 3
5682 2
5683 3
5684 2
5685 4
5686 2
5687 2
5688 2
5689 2
5690 2
5691 2
5692 2
5693 3
5694 2
5695 2
5696 6
5697 3
5698 3
5699 2
5700 2
5701 3
5702 2
5703 3
5704 2
5705 4
5706 4
5707 2
5708 2
5709 3
5710 3
5711 2
5712 2
5713 4
5714 4
5715 3
5716 2
5717 2
5718 2
5719 4
5720 2
5721 2
5722 3
5723 5
5724 2
5725 3
5726 2
5727 2
5728 4
5729 2
5730 2
5731 2
5732 2
5733 2
5734 2
5735 2
5736 3
5737 2
5738 5
5739 2
5740 2
5741 4
5742 2
5743 5
5744 5
5745 4
5746 7
5747 4
5748 2
5749 2
5750 2
5751 2
5752 2
5753 3
5754 5
5755 3
5756 3
5757 2
5758 2
5759 2
5760 3
5761 3
5762 2
5763 2
5764 2
5765 2
5766 3
5767 2
5768 2
5769 2
5770 3
5771 3
5772 3
5773 3
5774 2
5775 4
5776 2
5777 2
5778 2
5779 2
5780 2
5781 2
5782 3
5783 2
5784 2
5785 2
5786 8
5787 4
5788 3
5789 6
5790 5
5791 3
5792 4
5793 2
5794 3
5795 3
5796 2
5797 2
5798 2
5799 2
5800 5
5801 4
5802 2
5803 2
5804 2
5805 3
5806 4
5807 4
5808 3
5809 3
5810 2
5811 2
5812 2
5813 2
5814 2
5815 3
5816 3
5817 4
5818 2
5819 2
5820 6
5821 6
5822 3
5823 2
5824 2
5825 2
5826 2
5827 2
5828 6
5829 2
5830 2
5831 3
5832 2
5833 2
5834 2
5835 5
5836 3
5837 2
5838 2
5839 2
5840 2
5841 2
5842 2
5843 2
5844 2
5845 3
5846 3
5847 2
5848 4
5849 3
5850 3
5851 2
5852 2
5853 3
5854 2
5855 3
5856 2
5857 5
5858 3
5859 2
5860 2
5861 3
5862 3
5863 2
5864 3
5865 3
5866 2
5867 2
5868 3
5869 3
5870 3
5871 4
5872 2
5873 2
5874 2
5875 2
5876 2
5877 2
5878 3
5879 2
5880 2
5881 3
5882 2
5883 2
5884 6
5885 3
5886 2
5887 2
5888 2
5889 2
5890 2
5891 2
5892 2
5893 5
5894 2
5895 2
5896 3
5897 3
5898 2
5899 2
5900 3
5901 5
5902 2
5903 2
5904 2
5905 3
5906 3
5907 2
5908 3
5909 3
5910 2
5911 2
5912 2
5913 2
5914 3
5915 3
5916 2
5917 2
5918 4
5919 3
5920 2
5921 2
5922 2
5923 2
5924 2
5925 2
5926 3
5927 3
5928 4
5929 2
5930 3
5931 2
5932 2
5933 3
5934 5
5935 2
5936 2
5937 2
5938 3
5939 2
5940 3
5941 3
5942 2
5943 2
5944 2
5945 2
5946 2
5947 4
5948 2
5949 2
5950 2
5951 3
5952 3
5953 2
5954 3
5955 3
5956 2
5957 2
5958 5
5959 2
5960 2
5961 4
5962 5
5963 2
5964 3
5965 2
5966 3
5967 4
5968 3
5969 2
5970 2
5971 2
5972 2
5973 6
5974 6
5975 2
5976 2
5977 2
5978 2
5979 2
5980 2
5981 2
5982 2
5983 5
5984 4
5985 2
5986 2
5987 2
5988 2
5989 3
5990 4
5991 2
5992 2
5993 5
5994 5
5995 2
5996 3
5997 3
5998 2
5999 2
6000 2
6001 2
6002 2
6003 2
6004 2
6005 2
6006 2
6007 2
6008 3
6009 2
6010 2
6011 2
6012 3
6013 2
6014 2
6015 2
6016 3
6017 2
6018 2
6019 2
6020 2
6021 3
6022 2
6023 2
6024 3
6025 2
6026 3
6027 2
6028 3
6029 2
6030 2
6031 2
6032 3
6033 2
6034 2
6035 2
6036 2
6037 4
6038 2
6039 2
6040 2
6041 3
6042 2
6043 2
6044 2
6045 3
6046 3
6047 2
6048 3
6049 2
6050 2
6051 2
6052 3
6053 5
6054 3
6055 3
6056 2
6057 2
6058 3
6059 2
6060 2
6061 2
6062 2
6063 3
6064 4
6065 3
6066 2
6067 2
6068 3
6069 2
6070 2
6071 3
6072 3
6073 4
6074 3
6075 2
6076 3
6077 2
6078 4
6079 2
6080 3
6081 2
6082 3
6083 3
6084 2
6085 2
6086 2
6087 2
6088 2
6089 2
6090 2
6091 3
6092 4
6093 4
6094 3
6095 4
6096 3
6097 3
6098 2
6099 2
6100 2
6101 2
6102 3
6103 3
6104 2
6105 2
6106 2
6107 2
6108 3
6109 7
6110 3
6111 2
6112 3
6113 2
6114 2
6115 3
6116 3
6117 2
6118 2
6119 3
6120 2
6121 3
6122 2
6123 2
6124 3
6125 2
6126 3
6127 2
6128 2
6129 2
6130 3
6131 2
6132 3
6133 2
6134 3
6135 6
6136 4
6137 3
6138 2
6139 3
6140 3
6141 2
6142 3
6143 2
6144 3
6145 2
6146 2
6147 2
6148 2
6149 2
6150 2
6151 3
6152 2
6153 2
6154 2
6155 3
6156 2
6157 7
6158 2
6159 3
6160 2
6161 2
6162 4
6163 2
6164 2
6165 2
6166 3
6167 2
6168 3
6169 5
6170 2
6171 5
6172 2
6173 4
6174 2
6175 2
6176 2
6177 2
6178 2
6179 2
6180 2
6181 4
6182 2
6183 4
6184 3
6185 2
6186 2
6187 3
6188 2
6189 3
6190 4
6191 2
6192 3
6193 4
6194 2
6195 2
6196 2
6197 2
6198 3
6199 2
6200 3
6201 2
6202 2
6203 2
6204 2
6205 2
6206 4
6207 2
6208 4
6209 2
6210 2
6211 2
6212 2
6213 3
6214 2
6215 2
6216 2
6217 2
6218 2
6219 2
6220 4
6221 2
6222 4
6223 2
6224 2
6225 2
6226 4
6227 2
6228 2
6229 2
6230 5
6231 2
6232 4
6233 2
6234 2
6235 2
6236 3
6237 2
6238 3
6239 4
6240 2
6241 2
6242 2
6243 3
6244 2
6245 2
6246 2
6247 2
6248 2
6249 3
6250 2
6251 2
6252 4
6253 6
6254 4
6255 11
6256 2
6257 4
6258 2
6259 2
6260 2
6261 2
6262 3
6263 3
6264 2
6265 2
6266 2
6267 2
6268 2
6269 3
6270 2
6271 2
6272 2
6273 5
6274 2
6275 2
6276 2
6277 2
6278 3
6279 4
6280 4
6281 2
6282 3
6283 2
6284 2
6285 2
6286 2
6287 2
6288 2
6289 4
6290 2
6291 2
6292 2
6293 2
6294 3
6295 2
6296 3
6297 2
6298 2
6299 2
6300 2
6301 3
6302 2
6303 2
6304 2
6305 3
6306 2
6307 2
6308 3
6309 3
6310 2
6311 3
6312 5
6313 2
6314 3
6315 2
6316 2
6317 2
6318 3
6319 3
6320 3
6321 2
6322 4
6323 2
6324 2
6325 2
6326 2
6327 3
6328 2
6329 2
6330 2
6331 2
6332 5
6333 4
6334 2
6335 2
6336 2
6337 5
6338 2
6339 2
6340 2
6341 2
6342 3
6343 2
6344 2
6345 2
6346 2
6347 2
6348 3
6349 3
6350 2
6351 3
6352 2
6353 2
6354 3
6355 2
6356 2
6357 2
6358 2
6359 4
6360 2
6361 2
6362 2
6363 2
6364 3
6365 2
6366 2
6367 2
6368 3
6369 5
6370 2
6371 2
6372 2
6373 2
6374 4
6375 2
6376 3
6377 4
6378 2
6379 2
6380 4
6381 3
6382 3
6383 2
6384 2
6385 2
6386 2
6387 2
6388 2
6389 2
6390 3
6391 2
6392 4
6393 3
6394 2
6395 4
6396 3
6397 6
6398 3
6399 4
6400 2
6401 6
6402 2
6403 2
6404 2
6405 2
6406 2
6407 2
6408 3
6409 2
6410 2
6411 2
6412 3
6413 5
6414 2
6415 2
6416 3
6417 2
6418 3
6419 2
6420 3
6421 2
6422 2
6423 4
6424 2
6425 2
6426 3
6427 3
6428 2
6429 2
6430 3
6431 3
6432 2
6433 2
6434 2
6435 2
6436 2
6437 2
6438 2
6439 3
6440 2
6441 2
6442 2
6443 3
6444 2
6445 2
6446 2
6447 2
6448 3
6449 3
6450 3
6451 2
6452 4
6453 2
6454 3
6455 3
6456 3
6457 2
6458 2
6459 4
6460 3
6461 3
6462 2
6463 3
6464 2
6465 2
6466 2
6467 4
6468 4
6469 5
6470 2
6471 2
6472 2
6473 2
6474 2
6475 2
6476 2
6477 2
6478 2
6479 2
6480 3
6481 2
6482 2
6483 2
6484 2
6485 3
6486 2
6487 3
6488 4
6489 2
6490 2
6491 3
6492 2
6493 2
6494 2
6495 2
6496 2
6497 4
6498 2
6499 2
6500 4
6501 4
6502 3
6503 2
6504 3
6505 2
6506 3
6507 3
6508 2
6509 3
6510 3
6511 2
6512 2
6513 2
6514 2
6515 2
6516 2
6517 4
6518 2
6519 2
6520 3
6521 2
6522 2
6523 2
6524 2
6525 4
6526 3
6527 3
6528 2
6529 3
6530 4
6531 3
6532 2
6533 2
6534 3
6535 2
6536 2
6537 2
6538 2
6539 3
6540 4
6541 3
6542 2
6543 4
6544 2
6545 2
6546 2
6547 2
6548 2
6549 2
6550 2
6551 2
6552 2
6553 2
6554 3
6555 2
6556 3
6557 2
6558 4
6559 2
6560 2
6561 3
6562 4
6563 2
6564 2
6565 2
6566 2
6567 2
6568 3
6569 2
6570 4
6571 2
6572 2
6573 2
6574 2
6575 2
6576 2
6577 2
6578 3
6579 2
6580 2
6581 2
6582 3
6583 2
6584 2
6585 2
6586 2
6587 3
6588 2
6589 3
6590 4
6591 2
6592 2
6593 2
6594 2
6595 4
6596 3
6597 3
6598 2
6599 2
6600 2
6601 2
6602 2
6603 3
6604 2
6605 2
6606 2
6607 2
6608 2
6609 2
6610 2
6611 4
6612 2
6613 2
6614 2
6615 5
6616 2
6617 3
6618 2
6619 2
6620 2
6621 2
6622 2
6623 2
6624 2
6625 3
6626 2
6627 2
6628 4
6629 2
6630 3
6631 3
6632 2
6633 5
6634 2
6635 5
6636 2
6637 2
6638 2
6639 2
6640 3
6641 3
6642 2
6643 2
6644 4
6645 2
6646 2
6647 2
6648 3
6649 3
6650 2
6651 2
6652 2
6653 2
6654 2
6655 3
6656 2
6657 4
6658 4
6659 3
6660 3
6661 2
6662 2
6663 2
6664 2
6665 2
6666 2
6667 2
6668 2
6669 2
6670 2
6671 2
6672 3
6673 2
6674 5
6675 5
6676 3
6677 6
6678 2
6679 4
6680 2
6681 2
6682 3
6683 2
6684 2
6685 2
6686 3
6687 2
6688 2
6689 2
6690 2
6691 3
6692 2
6693 2
6694 2
6695 2
6696 4
6697 2
6698 3
6699 3
6700 2
6701 2
6702 3
6703 2
6704 3
6705 2
6706 2
6707 2
6708 4
6709 3
6710 3
6711 3
6712 2
6713 2
6714 2
6715 2
6716 2
6717 3
6718 3
6719 2
6720 2
6721 2
6722 2
6723 2
6724 3
6725 2
6726 4
6727 2
6728 2
6729 2
6730 3
6731 2
6732 2
6733 2
6734 2
6735 3
6736 2
6737 3
6738 2
6739 9
6740 2
6741 2
6742 2
6743 2
6744 2
6745 2
6746 2
6747 3
6748 2
6749 2
6750 2
6751 2
6752 2
6753 2
6754 2
6755 2
6756 2
6757 2
6758 2
6759 2
6760 3
6761 2
6762 2
6763 2
6764 2
6765 2
6766 2
6767 2
6768 2
6769 2
6770 3
6771 2
6772 2
6773 2
6774 2
6775 3
6776 2
6777 2
6778 4
6779 4
6780 2
6781 3
6782 4
6783 2
6784 2
6785 2
6786 2
6787 2
6788 3
6789 2
6790 2
6791 3
6792 3
6793 2
6794 2
6795 3
6796 2
6797 6
6798 4
6799 2
6800 2
6801 2
6802 2
6803 2
6804 4
6805 3
6806 3
6807 2
6808 2
6809 2
6810 2
6811 2
6812 3
6813 3
6814 3
6815 2
6816 3
6817 4
6818 2
6819 2
6820 2
6821 2
6822 3
6823 2
6824 2
6825 4
6826 3
6827 4
6828 3
6829 4
6830 2
6831 2
6832 2
6833 2
6834 2
6835 2
6836 2
6837 2
6838 3
6839 3
6840 2
6841 2
6842 2
6843 3
6844 2
6845 2
6846 2
6847 2
6848 3
6849 2
6850 2
6851 2
6852 2
6853 2
6854 2
6855 2
6856 2
6857 2
6858 3
6859 3
6860 2
6861 3
6862 2
6863 2
6864 2
6865 3
6866 2
6867 2
6868 2
6869 2
6870 2
6871 2
6872 2
6873 5
6874 3
6875 2
6876 2
6877 3
6878 2
6879 4
6880 2
6881 3
6882 2
6883 4
6884 3
6885 2
6886 2
6887 2
6888 2
6889 2
6890 3
6891 2
6892 2
6893 5
6894 2
6895 3
6896 2
6897 2
6898 2
6899 2
6900 2
6901 2
6902 2
6903 3
6904 2
6905 2
6906 2
6907 2
6908 3
6909 2
6910 3
6911 2
6912 2
6913 2
6914 3
6915 2
6916 2
6917 2
6918 4
6919 3
6920 2
6921 3
6922 2
6923 2
6924 2
6925 2
6926 4
6927 2
6928 2
6929 2
6930 2
6931 2
6932 3
6933 4
6934 2
6935 2
6936 3
6937 2
6938 2
6939 2
6940 2
6941 2
6942 2
6943 2
6944 2
6945 2
6946 2
6947 2
6948 3
6949 4
6950 2
6951 2
6952 3
6953 2
6954 2
6955 2
6956 3
6957 2
6958 2
6959 2
6960 3
6961 3
6962 4
6963 2
6964 2
6965 2
6966 2
6967 2
6968 2
6969 2
6970 2
6971 2
6972 2
6973 3
6974 2
6975 2
6976 2
6977 2
6978 2
6979 2
6980 2
6981 2
6982 2
6983 2
6984 2
6985 2
6986 3
6987 2
6988 3
6989 2
6990 2
6991 2
6992 2
6993 3
6994 2
6995 2
6996 2
6997 2
6998 3
6999 3
7000 4
7001 3
7002 4
7003 4
7004 2
7005 3
7006 2
7007 2
7008 2
7009 2
7010 2
7011 2
7012 5
7013 2
7014 2
7015 2
7016 2
7017 2
7018 2
7019 2
7020 3
7021 2
7022 2
7023 2
7024 2
7025 2
7026 2
7027 2
7028 2
7029 2
7030 2
7031 2
7032 3
7033 2
7034 2
7035 2
7036 4
7037 2
7038 2
7039 2
7040 2
7041 3
7042 3
7043 3
7044 3
7045 2
7046 2
7047 3
7048 2
7049 2
7050 3
7051 2
7052 2
7053 2
7054 2
7055 2
7056 4
7057 2
7058 2
7059 2
7060 2
7061 2
7062 2
7063 2
7064 2
7065 2
7066 2
7067 3
7068 2
7069 2
7070 4
7071 2
7072 2
7073 3
7074 2
7075 2
7076 2
7077 2
7078 2
7079 2
7080 3
7081 3
7082 2
7083 2
7084 2
7085 2
7086 2
7087 3
7088 2
7089 2
7090 2
7091 3
7092 2
7093 2
7094 2
7095 2
7096 2
7097 2
7098 2
7099 2
7100 2
7101 4
7102 2
7103 2
7104 2
7105 2
7106 2
7107 2
7108 2
7109 2
7110 2
7111 2
7112 2
7113 2
7114 2
7115 2
7116 2
7117 2
7118 2
7119 2
7120 2
7121 2
7122 2
7123 2
7124 2
7125 2
7126 2
7127 4
7128 2
7129 2
7130 2
7131 2
7132 2
7133 2
7134 2
7135 2
7136 2
7137 2
7138 2
7139 2
7140 2
7141 2
7142 2
7143 2
7144 2
7145 2
7146 2
7147 2
7148 2
7149 2
7150 2
7151 2
7152 2
7153 2
7154 2
7155 2
7156 2
7157 2
7158 3
7159 2
7160 2
7161 2
7162 2
7163 2
7164 2
7165 2
7166 2
7167 3
7168 2
7169 2
7170 2
7171 2
7172 2
7173 2
7174 3
7175 2
7176 2
7177 2
7178 2
7179 2
7180 2
7181 2
7182 2
7183 2
7184 2
7185 3
7186 2
7187 2
7188 2
7189 2
7190 2
7191 2
7192 2
7193 2
7194 2
7195 2
7196 2
7197 2
7198 2
7199 2
7200 2
7201 2
7202 2
7203 2
7204 2
7205 2
7206 2
7207 2
7208 2
7209 2
7210 2
7211 2
7212 2
7213 3
7214 2
7215 2
7216 2
7217 2
7218 2
7219 2
7220 2
7221 3
7222 2
7223 3
7224 2
7225 2
7226 2
7227 2
7228 2
7229 2
7230 3
7231 2
7232 2
7233 2
7234 2
7235 2
7236 3
7237 2
7238 2
7239 2
7240 2
7241 2
7242 2
7243 2
7244 3
7245 2
7246 2
7247 2
7248 2
7249 2
7250 2
7251 2
7252 2
7253 2
7254 3
7255 3
7256 2
7257 2
7258 2
7259 2
7260 2
7261 2
7262 3
7263 2
7264 2
7265 2
7266 2
7267 2
7268 2
7269 3
7270 2
7271 2
7272 2
7273 2
7274 2
7275 2
7276 3
7277 2
7278 2
7279 2
7280 2
7281 3
7282 2
7283 5
7284 2
7285 2
7286 2
7287 2
7288 2
7289 2
7290 2
7291 2
7292 2
7293 2
7294 2
7295 2
7296 2
7297 2
7298 2
7299 2
7300 2
7301 2
7302 2
7303 2
7304 2
7305 2
7306 2
7307 2
7308 2
7309 3
7310 2
7311 2
7312 2
7313 2
7314 2
7315 3
7316 3
7317 2
7318 2
7319 2
7320 2
7321 2
7322 2
7323 4
7324 2
7325 2
7326 2
7327 2
7328 2
7329 2
7330 2
7331 2
7332 2
7333 3
7334 2
7335 2
7336 2
7337 2
7338 2
7339 2
7340 2
7341 2
7342 2
7343 3
7344 2
7345 2
7346 3
7347 2
7348 2
7349 2
7350 2
7351 2
7352 2
7353 2
7354 2
7355 2
7356 2
7357 2
7358 2
7359 2
7360 2
7361 2
7362 4
7363 2
7364 2
7365 2
7366 2
7367 2
7368 2
7369 2
7370 2
7371 2
7372 2
7373 2
7374 2
7375 2
7376 2
7377 2
7378 2
7379 2
7380 2
7381 3
7382 2
7383 2
7384 2
7385 2
7386 2
7387 2
7388 2
7389 2
7390 2
7391 2
7392 2
7393 2
7394 2
7395 2
7396 2
7397 2
7398 2
7399 2
7400 2
7401 2
7402 2
7403 2
7404 2
7405 2
7406 2
7407 2
7408 2
7409 2
7410 3
7411 2
7412 2
7413 2
7414 2
7415 2
7416 2
7417 2
7418 2
7419 2
7420 2
7421 2
7422 3
7423 2
7424 2
7425 2
7426 2
7427 2
7428 2
7429 2
7430 2
7431 3
7432 2
7433 2
7434 2
7435 2
7436 2
7437 2
7438 4
7439 3
7440 2
7441 2
7442 2
7443 2
7444 2
7445 2
7446 2
7447 2
7448 2
7449 2
7450 2
7451 2
7452 2
7453 3
7454 2
7455 2
7456 2
7457 2
7458 2
7459 2
7460 2
7461 2
7462 2
7463 2
7464 2
7465 2
7466 2
7467 2
7468 2
7469 2
7470 2
7471 2
7472 2
7473 2
7474 3
7475 2
7476 2
7477 2
7478 2
7479 2
7480 2
7481 2
7482 2
7483 2
7484 2
7485 2
7486 2
7487 2
7488 2
7489 2
7490 2
7491 2
7492 2
7493 2
7494 2
7495 2
7496 2
7497 2
7498 2
7499 2
7500 2
7501 2
7502 2
7503 2
7504 2
7505 2
7506 2
7507 2
7508 2
7509 2
7510 2
7511 2
7512 2
7513 2
7514 2
7515 2
7516 2
7517 2
7518 2
7519 2
7520 3
7521 2
7522 2
7523 2
7524 2
7525 2
7526 2
7527 2
7528 2
7529 2
7530 2
7531 2
7532 2
7533 2
7534 2
7535 2
7536 2
7537 2
7538 2
7539 2
7540 2
7541 2
7542 2
7543 2
7544 2
7545 2
7546 2
7547 2
7548 2
7549 2
7550 2
7551 2
7552 2
7553 2
7554 2
7555 2
7556 2
7557 2
7558 2
7559 2
7560 2
7561 2
7562 2
7563 2
7564 2
7565 3
7566 2
7567 2
7568 2
7569 2
7570 2
7571 2
7572 2
7573 2
7574 2
7575 2
7576 2
7577 2
7578 2
7579 2
7580 2
7581 2
7582 2
7583 2
7584 2
7585 2
7586 2
7587 2
7588 2
7589 2
7590 2
7591 2
7592 2
7593 2
7594 2
7595 2
7596 2
7597 2
7598 2
7599 2
7600 2
7601 2
7602 2
7603 2
7604 2
7605 2
7606 2
7607 2
7608 2
7609 2
7610 2
7611 2
7612 2
7613 2
7614 2
7615 2
7616 2
7617 2
7618 2
7619 2
7620 2
7621 2
7622 2
7623 2
