0 2
1 9
2 1
3 11
4 14
5 1
6 5
7 4
8 1
9 4
10 10
11 5
12 12
13 8
14 5
15 4
16 12
17 17
18 11
19 10
20 3
21 5
22 3
23 2
24 19
25 7
26 5
27 16
28 9
29 18
30 5
31 20
32 3
33 21
34 4
35 10
36 3
37 1
38 17
39 5
40 1
41 6
42 2
43 4
44 3
45 14
46 18
47 7
48 5
49 4
50 19
51 7
52 5
53 9
54 4
55 1
56 10
57 4
58 5
59 6
60 5
61 6
62 8
63 1
64 5
65 58
66 1
67 5
68 1
69 6
70 2
71 2
72 1
73 2
74 42
75 3
76 2
77 2
78 1
79 8
80 2
81 1
82 5
83 6
84 2
85 2
86 11
87 10
88 17
89 1
90 95
91 5
92 14
93 12
94 3
95 22
96 4
97 2
98 52
99 71
100 1
101 88
102 8
103 2
104 1
105 6
106 13
107 23
108 31
109 1
110 3
111 15
112 11
113 12
114 2
115 46
116 46
117 3
118 61
119 12
120 6
121 5
122 4
123 5
124 7
125 3
126 9
127 4
128 134
129 2
130 1
131 2
132 9
133 8
134 15
135 15
136 38
137 29
138 11
139 72
140 14
141 62
142 2
143 1
144 12
145 58
146 6
147 45
148 12
149 1
150 16
151 3
152 12
153 5
154 16
155 9
156 12
157 54
158 32
159 12
160 1
161 2
162 2
163 11
164 1
165 20
166 24
167 2
168 24
169 13
170 41
171 15
172 38
173 1
174 38
175 10
176 5
177 8
178 15
179 1
180 2
181 5
182 5
183 4
184 10
185 5
186 9
187 19
188 5
189 40
190 26
191 6
192 8
193 4
194 6
195 10
196 4
197 3
198 3
199 5
200 1
201 4
202 4
203 3
204 4
205 2
206 6
207 2
208 1
209 1
210 10
211 2
212 1
213 12
214 1
215 79
216 4
217 15
218 9
219 1
220 5
221 3
222 1
223 4
224 2
225 90
226 1
227 2
228 1
229 1
230 21
231 12
232 7
233 12
234 4
235 22
236 2
237 43
238 6
239 9
240 6
241 3
242 2
243 5
244 10
245 34
246 5
247 10
248 3
249 1
250 23
251 22
252 3
253 11
254 8
255 3
256 10
257 58
258 2
259 3
260 17
261 9
262 8
263 10
264 2
265 3
266 2
267 11
268 6
269 3
270 7
271 10
272 11
273 5
274 8
275 5
276 7
277 5
278 8
279 21
280 10
281 8
282 29
283 13
284 2
285 1
286 6
287 4
288 9
289 1
290 23
291 17
292 4
293 5
294 11
295 24
296 33
297 3
298 7
299 8
300 9
301 2
302 8
303 3
304 4
305 7
306 5
307 1
308 16
309 7
310 8
311 6
312 5
313 4
314 2
315 2
316 1
317 4
318 4
319 1
320 2
321 23
322 1
323 1
324 4
325 6
326 57
327 6
328 1
329 7
330 9
331 6
332 5
333 3
334 5
335 1
336 5
337 15
338 2
339 1
340 6
341 4
342 3
343 3
344 9
345 30
346 38
347 1
348 22
349 70
350 7
351 8
352 8
353 9
354 1
355 3
356 6
357 12
358 2
359 3
360 8
361 1
362 6
363 25
364 6
365 77
366 29
367 5
368 13
369 43
370 2
371 52
372 17
373 15
374 16
375 16
376 2
377 7
378 34
379 5
380 32
381 6
382 2
383 4
384 6
385 12
386 2
387 10
388 4
389 17
390 6
391 5
392 40
393 9
394 9
395 28
396 9
397 3
398 71
399 5
400 3
401 70
402 1
403 1
404 1
405 7
406 2
407 7
408 4
409 10
410 22
411 3
412 27
413 8
414 1
415 36
416 5
417 3
418 14
419 4
420 8
421 17
422 28
423 1
424 16
425 5
426 11
427 13
428 43
429 1
430 4
431 4
432 2
433 1
434 1
435 2
436 7
437 1
438 4
439 4
440 3
441 2
442 4
443 4
444 7
445 3
446 3
447 4
448 7
449 17
450 7
451 4
452 8
453 5
454 3
455 14
456 1
457 1
458 2
459 3
460 8
461 4
462 1
463 1
464 5
465 5
466 6
467 1
468 2
469 2
470 9
471 11
472 2
473 4
474 1
475 1
476 3
477 1
478 4
479 4
480 1
481 4
482 1
483 4
484 2
485 1
486 4
487 13
488 5
489 3
490 4
491 5
492 2
493 3
494 16
495 56
496 8
497 4
498 5
499 5
500 16
501 1
502 1
503 2
504 9
505 4
506 1
507 4
508 9
509 25
510 10
511 8
512 15
513 4
514 4
515 5
516 5
517 4
518 2
519 1
520 3
521 15
522 10
523 10
524 9
525 4
526 12
527 9
528 1
529 2
530 65
531 18
532 4
533 1
534 17
535 1
536 12
537 6
538 9
539 8
540 7
541 5
542 19
543 5
544 8
545 5
546 12
547 4
548 1
549 4
550 16
551 3
552 9
553 2
554 1
555 58
556 5
557 1
558 4
559 7
560 3
561 26
562 3
563 5
564 45
565 3
566 15
567 8
568 2
569 1
570 4
571 2
572 1
573 2
574 10
575 2
576 17
577 4
578 1
579 48
580 1
581 3
582 17
583 2
584 7
585 2
586 9
587 2
588 12
589 2
590 13
591 1
592 15
593 4
594 6
595 1
596 14
597 2
598 5
599 2
600 11
601 2
602 4
603 1
604 1
605 8
606 5
607 3
608 6
609 2
610 23
611 1
612 14
613 22
614 23
615 16
616 1
617 1
618 15
619 24
620 41
621 14
622 2
623 100
624 4
625 21
626 5
627 2
628 7
629 2
630 4
631 5
632 15
633 3
634 20
635 6
636 4
637 11
638 46
639 1
640 1
641 1
642 5
643 7
644 3
645 23
646 2
647 10
648 29
649 13
650 42
651 2
652 7
653 1
654 29
655 12
656 13
657 6
658 7
659 3
660 10
661 2
662 2
663 28
664 8
665 7
666 10
667 16
668 7
669 9
670 5
671 5
672 1
673 6
674 4
675 1
676 3
677 4
678 1
679 6
680 7
681 8
682 11
683 5
684 1
685 11
686 3
687 6
688 15
689 12
690 5
691 1
692 6
693 2
694 9
695 2
696 5
697 9
698 9
699 3
700 3
701 26
702 8
703 8
704 3
705 4
706 22
707 6
708 14
709 10
710 23
711 3
712 16
713 16
714 26
715 4
716 6
717 7
718 1
719 14
720 3
721 4
722 2
723 5
724 13
725 1
726 1
727 20
728 4
729 25
730 5
731 8
732 5
733 3
734 16
735 39
736 21
737 5
738 10
739 2
740 6
741 2
742 8
743 13
744 2
745 2
746 6
747 5
748 11
749 5
750 9
751 3
752 3
753 31
754 4
755 21
756 43
757 17
758 4
759 45
760 6
761 11
762 18
763 5
764 4
765 11
766 5
767 25
768 4
769 8
770 5
771 1
772 7
773 2
774 1
775 1
776 6
777 6
778 4
779 2
780 25
781 20
782 3
783 7
784 14
785 2
786 14
787 15
788 18
789 9
790 1
791 5
792 6
793 2
794 2
795 19
796 11
797 4
798 7
799 1
800 1
801 4
802 7
803 14
804 32
805 7
806 19
807 4
808 6
809 1
810 3
811 26
812 8
813 2
814 5
815 9
816 19
817 3
818 32
819 19
820 13
821 2
822 17
823 16
824 14
825 24
826 6
827 4
828 3
829 13
830 5
831 4
832 4
833 3
834 5
835 14
836 1
837 36
838 11
839 4
840 5
841 14
842 23
843 37
844 8
845 14
846 10
847 27
848 18
849 2
850 4
851 7
852 50
853 38
854 2
855 48
856 20
857 5
858 13
859 18
860 11
861 2
862 8
863 19
864 58
865 9
866 5
867 22
868 11
869 42
870 8
871 1
872 13
873 2
874 1
875 12
876 3
877 5
878 6
879 1
880 2
881 1
882 2
883 1
884 6
885 2
886 2
887 2
888 15
889 7
890 2
891 6
892 6
893 1
894 6
895 24
896 2
897 6
898 35
899 20
900 1
901 7
902 7
903 34
904 5
905 6
906 2
907 1
908 6
909 3
910 2
911 12
912 14
913 10
914 1
915 1
916 9
917 2
918 12
919 7
920 1
921 8
922 8
923 6
924 6
925 3
926 1
927 5
928 7
929 3
930 5
931 3
932 2
933 2
934 5
935 1
936 7
937 3
938 3
939 1
940 8
941 1
942 2
943 2
944 1
945 57
946 21
947 7
948 4
949 3
950 3
951 7
952 3
953 7
954 2
955 4
956 2
957 1
958 10
959 13
960 3
961 12
962 5
963 4
964 2
965 2
966 4
967 5
968 5
969 4
970 2
971 1
972 7
973 33
974 8
975 2
976 5
977 22
978 23
979 12
980 2
981 14
982 6
983 3
984 4
985 12
986 2
987 2
988 16
989 7
990 2
991 14
992 11
993 5
994 7
995 4
996 7
997 2
998 19
999 2
1000 5
1001 8
1002 13
1003 27
1004 1
1005 4
1006 16
1007 3
1008 2
1009 11
1010 4
1011 5
1012 11
1013 3
1014 6
1015 4
1016 11
1017 3
1018 3
1019 5
1020 14
1021 3
1022 26
1023 2
1024 7
1025 3
1026 5
1027 2
1028 15
1029 5
1030 5
1031 5
1032 4
1033 1
1034 4
1035 2
1036 6
1037 2
1038 2
1039 3
1040 1
1041 3
1042 4
1043 1
1044 4
1045 1
1046 6
1047 16
1048 4
1049 3
1050 2
1051 6
1052 1
1053 1
1054 4
1055 18
1056 21
1057 1
1058 12
1059 5
1060 13
1061 2
1062 1
1063 10
1064 5
1065 3
1066 7
1067 9
1068 13
1069 12
1070 1
1071 1
1072 2
1073 3
1074 2
1075 4
1076 7
1077 10
1078 1
1079 3
1080 5
1081 4
1082 2
1083 6
1084 2
1085 4
1086 1
1087 5
1088 3
1089 1
1090 4
1091 4
1092 10
1093 24
1094 1
1095 5
1096 4
1097 13
1098 1
1099 1
1100 8
1101 25
1102 10
1103 8
1104 2
1105 2
1106 9
1107 5
1108 4
1109 1
1110 9
1111 12
1112 2
1113 11
1114 10
1115 1
1116 1
1117 1
1118 2
1119 4
1120 11
1121 11
1122 25
1123 1
1124 18
1125 3
1126 7
1127 4
1128 22
1129 6
1130 2
1131 1
1132 2
1133 2
1134 2
1135 6
1136 6
1137 20
1138 13
1139 1
1140 14
1141 15
1142 5
1143 1
1144 1
1145 27
1146 3
1147 11
1148 4
1149 3
1150 3
1151 2
1152 5
1153 3
1154 4
1155 5
1156 2
1157 1
1158 4
1159 5
1160 5
1161 3
1162 1
1163 7
1164 1
1165 4
1166 2
1167 38
1168 3
1169 5
1170 17
1171 1
1172 11
1173 4
1174 15
1175 3
1176 7
1177 7
1178 2
1179 2
1180 1
1181 1
1182 2
1183 1
1184 3
1185 1
1186 3
1187 1
1188 5
1189 14
1190 13
1191 5
1192 28
1193 15
1194 17
1195 19
1196 6
1197 10
1198 7
1199 5
1200 8
1201 3
1202 3
1203 4
1204 1
1205 7
1206 1
1207 2
1208 4
1209 3
1210 1
1211 12
1212 1
1213 8
1214 8
1215 4
1216 4
1217 8
1218 6
1219 3
1220 7
1221 14
1222 2
1223 1
1224 2
1225 11
1226 13
1227 2
1228 9
1229 12
1230 7
1231 2
1232 1
1233 2
1234 3
1235 4
1236 11
1237 2
1238 1
1239 4
1240 9
1241 5
1242 5
1243 4
1244 2
1245 4
1246 25
1247 9
1248 12
1249 12
1250 6
1251 10
1252 3
1253 11
1254 11
1255 6
1256 8
1257 6
1258 6
1259 2
1260 14
1261 8
1262 1
1263 5
1264 5
1265 3
1266 3
1267 1
1268 1
1269 14
1270 55
1271 5
1272 4
1273 13
1274 1
1275 51
1276 2
1277 1
1278 3
1279 2
1280 5
1281 2
1282 3
1283 1
1284 1
1285 4
1286 7
1287 3
1288 1
1289 2
1290 2
1291 21
1292 2
1293 9
1294 2
1295 5
1296 2
1297 1
1298 3
1299 12
1300 2
1301 3
1302 4
1303 4
1304 10
1305 36
1306 6
1307 1
1308 7
1309 11
1310 1
1311 3
1312 1
1313 3
1314 2
1315 6
1316 4
1317 1
1318 3
1319 1
1320 17
1321 1
1322 4
1323 22
1324 5
1325 2
1326 12
1327 3
1328 2
1329 2
1330 61
1331 10
1332 34
1333 9
1334 11
1335 2
1336 12
1337 19
1338 1
1339 7
1340 3
1341 6
1342 9
1343 2
1344 10
1345 1
1346 2
1347 1
1348 5
1349 7
1350 8
1351 7
1352 4
1353 1
1354 15
1355 17
1356 3
1357 9
1358 3
1359 6
1360 9
1361 3
1362 2
1363 1
1364 6
1365 8
1366 9
1367 1
1368 17
1369 3
1370 14
1371 10
1372 2
1373 4
1374 3
1375 1
1376 1
1377 3
1378 1
1379 6
1380 24
1381 9
1382 3
1383 11
1384 9
1385 13
1386 16
1387 10
1388 8
1389 3
1390 9
1391 9
1392 4
1393 2
1394 14
1395 11
1396 8
1397 3
1398 4
1399 9
1400 7
1401 4
1402 1
1403 13
1404 6
1405 2
1406 3
1407 5
1408 3
1409 2
1410 1
1411 3
1412 7
1413 1
1414 3
1415 4
1416 34
1417 2
1418 14
1419 11
1420 6
1421 8
1422 4
1423 1
1424 3
1425 2
1426 12
1427 2
1428 7
1429 5
1430 3
1431 8
1432 4
1433 12
1434 2
1435 11
1436 1
1437 1
1438 1
1439 3
1440 6
1441 15
1442 7
1443 3
1444 1
1445 15
1446 11
1447 4
1448 18
1449 7
1450 7
1451 1
1452 4
1453 1
1454 2
1455 8
1456 8
1457 7
1458 7
1459 11
1460 11
1461 8
1462 3
1463 7
1464 7
1465 7
1466 17
1467 3
1468 2
1469 3
1470 2
1471 4
1472 8
1473 4
1474 7
1475 11
1476 1
1477 2
1478 5
1479 2
1480 2
1481 6
1482 6
1483 2
1484 1
1485 1
1486 2
1487 1
1488 1
1489 1
1490 3
1491 1
1492 4
1493 1
1494 1
1495 3
1496 4
1497 1
1498 3
1499 2
1500 2
1501 10
1502 5
1503 23
1504 12
1505 1
1506 1
1507 1
1508 4
1509 2
1510 33
1511 8
1512 13
1513 1
1514 3
1515 12
1516 4
1517 3
1518 1
1519 1
1520 8
1521 3
1522 5
1523 6
1524 13
1525 4
1526 19
1527 8
1528 3
1529 11
1530 3
1531 27
1532 7
1533 4
1534 2
1535 8
1536 10
1537 2
1538 3
1539 3
1540 2
1541 6
1542 5
1543 8
1544 42
1545 16
1546 5
1547 13
1548 2
1549 8
1550 23
1551 64
1552 3
1553 3
1554 48
1555 2
1556 2
1557 3
1558 1
1559 1
1560 2
1561 6
1562 1
1563 1
1564 3
1565 2
1566 2
1567 7
1568 5
1569 4
1570 6
1571 2
1572 3
1573 9
1574 2
1575 1
1576 4
1577 1
1578 6
1579 2
1580 4
1581 3
1582 4
1583 26
1584 7
1585 1
1586 3
1587 1
1588 2
1589 2
1590 10
1591 34
1592 8
1593 41
1594 1
1595 6
1596 3
1597 1
1598 2
1599 3
1600 1
1601 16
1602 2
1603 5
1604 2
1605 3
1606 14
1607 6
1608 7
1609 14
1610 13
1611 5
1612 11
1613 18
1614 11
1615 13
1616 2
1617 2
1618 1
1619 2
1620 1
1621 2
1622 14
1623 1
1624 5
1625 4
1626 6
1627 11
1628 1
1629 1
1630 1
1631 2
1632 1
1633 3
1634 1
1635 1
1636 6
1637 2
1638 7
1639 2
1640 3
1641 6
1642 4
1643 3
1644 3
1645 15
1646 2
1647 13
1648 1
1649 7
1650 2
1651 3
1652 1
1653 6
1654 36
1655 2
1656 1
1657 4
1658 2
1659 1
1660 16
1661 1
1662 1
1663 10
1664 4
1665 7
1666 3
1667 1
1668 2
1669 1
1670 8
1671 4
1672 13
1673 3
1674 7
1675 4
1676 4
1677 4
1678 2
1679 6
1680 1
1681 4
1682 13
1683 4
1684 2
1685 2
1686 7
1687 4
1688 2
1689 3
1690 1
1691 1
1692 1
1693 2
1694 2
1695 3
1696 4
1697 5
1698 1
1699 4
1700 2
1701 5
1702 8
1703 3
1704 4
1705 2
1706 4
1707 15
1708 5
1709 6
1710 2
1711 2
1712 37
1713 1
1714 2
1715 2
1716 1
1717 1
1718 8
1719 27
1720 5
1721 1
1722 8
1723 1
1724 2
1725 8
1726 2
1727 10
1728 17
1729 2
1730 1
1731 4
1732 5
1733 4
1734 4
1735 4
1736 6
1737 3
1738 6
1739 9
1740 27
1741 1
1742 1
1743 1
1744 31
1745 9
1746 14
1747 25
1748 4
1749 3
1750 1
1751 12
1752 1
1753 4
1754 3
1755 2
1756 2
1757 3
1758 17
1759 22
1760 1
1761 16
1762 4
1763 7
1764 1
1765 25
1766 9
1767 8
1768 9
1769 5
1770 5
1771 5
1772 1
1773 6
1774 5
1775 6
1776 9
1777 4
1778 3
1779 2
1780 8
1781 1
1782 1
1783 1
1784 6
1785 2
1786 8
1787 2
1788 3
1789 4
1790 6
1791 7
1792 2
1793 3
1794 1
1795 6
1796 3
1797 3
1798 3
1799 1
1800 1
1801 2
1802 11
1803 3
1804 11
1805 6
1806 30
1807 6
1808 3
1809 4
1810 4
1811 8
1812 1
1813 4
1814 4
1815 2
1816 3
1817 3
1818 6
1819 7
1820 1
1821 11
1822 3
1823 4
1824 12
1825 1
1826 3
1827 16
1828 7
1829 1
1830 4
1831 3
1832 3
1833 2
1834 10
1835 5
1836 19
1837 6
1838 6
1839 10
1840 3
1841 1
1842 13
1843 3
1844 4
1845 7
1846 10
1847 11
1848 17
1849 5
1850 10
1851 8
1852 7
1853 1
1854 2
1855 17
1856 12
1857 3
1858 4
1859 16
1860 1
1861 6
1862 1
1863 2
1864 3
1865 3
1866 26
1867 6
1868 10
1869 21
1870 1
1871 4
1872 1
1873 3
1874 8
1875 8
1876 4
1877 2
1878 2
1879 3
1880 3
1881 3
1882 3
1883 2
1884 3
1885 5
1886 3
1887 5
1888 14
1889 11
1890 3
1891 6
1892 14
1893 1
1894 1
1895 4
1896 3
1897 5
1898 2
1899 1
1900 5
1901 2
1902 5
1903 3
1904 5
1905 3
1906 2
1907 3
1908 2
1909 4
1910 4
1911 4
1912 7
1913 7
1914 2
1915 2
1916 5
1917 5
1918 3
1919 5
1920 2
1921 1
1922 1
1923 3
1924 2
1925 3
1926 2
1927 1
1928 1
1929 17
1930 3
1931 3
1932 6
1933 9
1934 4
1935 2
1936 2
1937 4
1938 1
1939 29
1940 1
1941 4
1942 3
1943 4
1944 3
1945 2
1946 21
1947 8
1948 25
1949 10
1950 4
1951 5
1952 10
1953 18
1954 7
1955 15
1956 18
1957 10
1958 14
1959 7
1960 20
1961 3
1962 4
1963 6
1964 7
1965 1
1966 1
1967 1
1968 5
1969 1
1970 2
1971 18
1972 2
1973 2
1974 3
1975 7
1976 3
1977 9
1978 2
1979 5
1980 2
1981 5
1982 11
1983 16
1984 8
1985 2
1986 7
1987 3
1988 11
1989 5
1990 9
1991 1
1992 6
1993 1
1994 11
1995 2
1996 2
1997 2
1998 2
1999 4
2000 2
2001 18
2002 2
2003 2
2004 1
2005 11
2006 3
2007 6
2008 9
2009 2
2010 2
2011 2
2012 4
2013 2
2014 1
2015 2
2016 2
2017 5
2018 1
2019 1
2020 7
2021 1
2022 2
2023 10
2024 13
2025 16
2026 9
2027 26
2028 2
2029 2
2030 1
2031 6
2032 11
2033 1
2034 3
2035 1
2036 1
2037 4
2038 2
2039 16
2040 20
2041 4
2042 4
2043 2
2044 1
2045 1
2046 2
2047 26
2048 3
2049 5
2050 9
2051 4
2052 10
2053 8
2054 3
2055 4
2056 2
2057 5
2058 1
2059 1
2060 5
2061 3
2062 7
2063 1
2064 1
2065 1
2066 4
2067 11
2068 2
2069 1
2070 1
2071 2
2072 1
2073 1
2074 7
2075 2
2076 3
2077 1
2078 5
2079 2
2080 4
2081 5
2082 6
2083 1
2084 13
2085 2
2086 3
2087 2
2088 8
2089 2
2090 2
2091 3
2092 7
2093 1
2094 6
2095 9
2096 10
2097 4
2098 4
2099 5
2100 1
2101 39
2102 9
2103 13
2104 21
2105 2
2106 2
2107 11
2108 15
2109 22
2110 5
2111 11
2112 3
2113 4
2114 8
2115 5
2116 3
2117 13
2118 8
2119 1
2120 1
2121 8
2122 8
2123 14
2124 10
2125 7
2126 23
2127 1
2128 25
2129 2
2130 13
2131 11
2132 10
2133 16
2134 1
2135 12
2136 3
2137 12
2138 27
2139 4
2140 10
2141 2
2142 14
2143 10
2144 9
2145 3
2146 2
2147 13
2148 2
2149 3
2150 3
2151 30
2152 1
2153 3
2154 5
2155 2
2156 11
2157 3
2158 2
2159 1
2160 13
2161 3
2162 10
2163 2
2164 4
2165 10
2166 2
2167 1
2168 2
2169 3
2170 4
2171 2
2172 2
2173 6
2174 7
2175 3
2176 2
2177 1
2178 2
2179 3
2180 2
2181 7
2182 16
2183 5
2184 4
2185 1
2186 4
2187 2
2188 5
2189 1
2190 6
2191 2
2192 1
2193 9
2194 5
2195 2
2196 2
2197 1
2198 1
2199 5
2200 10
2201 1
2202 4
2203 1
2204 1
2205 6
2206 4
2207 1
2208 16
2209 2
2210 8
2211 1
2212 3
2213 3
2214 1
2215 14
2216 3
2217 7
2218 7
2219 8
2220 8
2221 3
2222 6
2223 5
2224 2
2225 5
2226 2
2227 1
2228 15
2229 8
2230 4
2231 4
2232 6
2233 3
2234 5
2235 2
2236 4
2237 7
2238 4
2239 1
2240 2
2241 5
2242 2
2243 3
2244 1
2245 3
2246 13
2247 7
2248 6
2249 5
2250 6
2251 4
2252 1
2253 9
2254 4
2255 6
2256 9
2257 3
2258 3
2259 9
2260 2
2261 6
2262 2
2263 1
2264 5
2265 2
2266 6
2267 2
2268 1
2269 4
2270 37
2271 4
2272 10
2273 4
2274 18
2275 12
2276 2
2277 20
2278 8
2279 13
2280 5
2281 7
2282 1
2283 6
2284 3
2285 1
2286 6
2287 1
2288 2
2289 3
2290 4
2291 10
2292 7
2293 10
2294 7
2295 3
2296 1
2297 2
2298 6
2299 3
2300 1
2301 2
2302 4
2303 1
2304 15
2305 8
2306 5
2307 10
2308 7
2309 21
2310 1
2311 1
2312 1
2313 4
2314 3
2315 3
2316 1
2317 1
2318 4
2319 2
2320 3
2321 3
2322 8
2323 3
2324 2
2325 5
2326 2
2327 2
2328 10
2329 2
2330 3
2331 15
2332 2
2333 5
2334 1
2335 3
2336 2
2337 7
2338 3
2339 1
2340 1
2341 19
2342 3
2343 1
2344 3
2345 6
2346 10
2347 6
2348 1
2349 6
2350 2
2351 5
2352 8
2353 4
2354 16
2355 13
2356 7
2357 3
2358 9
2359 2
2360 1
2361 2
2362 1
2363 6
2364 1
2365 2
2366 1
2367 1
2368 3
2369 3
2370 1
2371 2
2372 11
2373 1
2374 7
2375 3
2376 3
2377 4
2378 7
2379 2
2380 11
2381 5
2382 4
2383 6
2384 1
2385 12
2386 6
2387 14
2388 2
2389 6
2390 1
2391 2
2392 9
2393 1
2394 1
2395 1
2396 1
2397 1
2398 9
2399 5
2400 3
2401 12
2402 4
2403 10
2404 1
2405 2
2406 5
2407 2
2408 4
2409 6
2410 6
2411 9
2412 8
2413 1
2414 1
2415 17
2416 1
2417 5
2418 1
2419 2
2420 1
2421 10
2422 1
2423 2
2424 2
2425 2
2426 4
2427 1
2428 6
2429 3
2430 4
2431 3
2432 5
2433 2
2434 4
2435 7
2436 4
2437 5
2438 5
2439 7
2440 2
2441 25
2442 14
2443 8
2444 2
2445 6
2446 7
2447 3
2448 6
2449 15
2450 9
2451 5
2452 2
2453 4
2454 3
2455 22
2456 12
2457 9
2458 4
2459 4
2460 8
2461 1
2462 9
2463 20
2464 11
2465 4
2466 9
2467 7
2468 14
2469 38
2470 7
2471 8
2472 1
2473 15
2474 9
2475 19
2476 15
2477 5
2478 3
2479 5
2480 8
2481 3
2482 5
2483 2
2484 2
2485 2
2486 4
2487 3
2488 2
2489 8
2490 14
2491 3
2492 9
2493 5
2494 17
2495 4
2496 1
2497 4
2498 1
2499 5
2500 6
2501 4
2502 3
2503 4
2504 2
2505 2
2506 2
2507 8
2508 1
2509 5
2510 5
2511 7
2512 6
2513 4
2514 11
2515 5
2516 3
2517 1
2518 3
2519 1
2520 3
2521 2
2522 2
2523 4
2524 4
2525 2
2526 2
2527 3
2528 12
2529 1
2530 3
2531 2
2532 8
2533 5
2534 3
2535 12
2536 1
2537 2
2538 6
2539 1
2540 8
2541 5
2542 2
2543 9
2544 7
2545 1
2546 6
2547 1
2548 6
2549 2
2550 2
2551 3
2552 1
2553 5
2554 1
2555 1
2556 7
2557 4
2558 3
2559 3
2560 2
2561 4
2562 4
2563 2
2564 2
2565 2
2566 6
2567 2
2568 5
2569 10
2570 9
2571 2
2572 10
2573 1
2574 2
2575 6
2576 13
2577 1
2578 8
2579 13
2580 5
2581 5
2582 13
2583 30
2584 22
2585 20
2586 1
2587 3
2588 3
2589 7
2590 2
2591 1
2592 4
2593 2
2594 3
2595 2
2596 12
2597 2
2598 2
2599 1
2600 6
2601 2
2602 9
2603 4
2604 1
2605 3
2606 4
2607 6
2608 5
2609 6
2610 2
2611 2
2612 4
2613 1
2614 2
2615 5
2616 2
2617 13
2618 2
2619 4
2620 7
2621 8
2622 3
2623 7
2624 1
2625 7
2626 10
2627 2
2628 4
2629 5
2630 8
2631 1
2632 7
2633 9
2634 18
2635 17
2636 2
2637 7
2638 4
2639 8
2640 4
2641 13
2642 1
2643 2
2644 9
2645 8
2646 36
2647 5
2648 7
2649 3
2650 1
2651 3
2652 6
2653 7
2654 14
2655 3
2656 4
2657 3
2658 4
2659 2
2660 4
2661 1
2662 4
2663 7
2664 17
2665 2
2666 3
2667 3
2668 1
2669 4
2670 4
2671 2
2672 1
2673 15
2674 1
2675 4
2676 5
2677 10
2678 6
2679 9
2680 1
2681 5
2682 4
2683 5
2684 5
2685 2
2686 3
2687 2
2688 4
2689 4
2690 5
2691 3
2692 2
2693 1
2694 7
2695 3
2696 5
2697 3
2698 3
2699 22
2700 3
2701 5
2702 5
2703 2
2704 9
2705 10
2706 7
2707 1
2708 3
2709 5
2710 1
2711 10
2712 18
2713 10
2714 1
2715 5
2716 3
2717 1
2718 7
2719 1
2720 1
2721 4
2722 3
2723 5
2724 2
2725 5
2726 5
2727 4
2728 3
2729 1
2730 1
2731 3
2732 5
2733 1
2734 2
2735 3
2736 2
2737 24
2738 1
2739 9
2740 1
2741 5
2742 3
2743 12
2744 7
2745 2
2746 5
2747 1
2748 3
2749 1
2750 1
2751 8
2752 16
2753 8
2754 5
2755 1
2756 12
2757 22
2758 13
2759 6
2760 1
2761 2
2762 6
2763 5
2764 1
2765 17
2766 1
2767 9
2768 2
2769 4
2770 2
2771 4
2772 2
2773 8
2774 1
2775 6
2776 1
2777 2
2778 1
2779 6
2780 1
2781 7
2782 2
2783 9
2784 3
2785 1
2786 11
2787 2
2788 1
2789 3
2790 3
2791 2
2792 4
2793 4
2794 2
2795 1
2796 3
2797 1
2798 4
2799 3
2800 1
2801 14
2802 21
2803 3
2804 1
2805 11
2806 2
2807 13
2808 2
2809 6
2810 3
2811 1
2812 3
2813 4
2814 9
2815 2
2816 14
2817 2
2818 4
2819 8
2820 4
2821 2
2822 1
2823 3
2824 8
2825 13
2826 4
2827 2
2828 2
2829 2
2830 3
2831 1
2832 1
2833 3
2834 2
2835 2
2836 3
2837 4
2838 1
2839 15
2840 15
2841 2
2842 1
2843 1
2844 7
2845 1
2846 3
2847 3
2848 3
2849 1
2850 4
2851 2
2852 6
2853 3
2854 2
2855 8
2856 4
2857 2
2858 3
2859 3
2860 1
2861 13
2862 5
2863 3
2864 3
2865 11
2866 5
2867 2
2868 2
2869 1
2870 2
2871 6
2872 3
2873 8
2874 4
2875 1
2876 2
2877 2
2878 1
2879 1
2880 8
2881 1
2882 19
2883 14
2884 2
2885 21
2886 1
2887 3
2888 3
2889 2
2890 5
2891 4
2892 3
2893 5
2894 3
2895 1
2896 2
2897 1
2898 4
2899 3
2900 2
2901 2
2902 3
2903 8
2904 1
2905 8
2906 2
2907 1
2908 4
2909 4
2910 2
2911 3
2912 1
2913 1
2914 2
2915 3
2916 6
2917 2
2918 8
2919 1
2920 7
2921 1
2922 2
2923 8
2924 5
2925 6
2926 1
2927 1
2928 1
2929 2
2930 2
2931 6
2932 7
2933 4
2934 5
2935 1
2936 1
2937 4
2938 4
2939 1
2940 1
2941 1
2942 4
2943 5
2944 2
2945 1
2946 2
2947 1
2948 1
2949 4
2950 10
2951 1
2952 6
2953 7
2954 13
2955 1
2956 4
2957 3
2958 2
2959 9
2960 3
2961 2
2962 11
2963 4
2964 4
2965 1
2966 1
2967 3
2968 5
2969 7
2970 19
2971 8
2972 1
2973 1
2974 2
2975 3
2976 2
2977 10
2978 2
2979 6
2980 3
2981 4
2982 2
2983 2
2984 5
2985 2
2986 7
2987 6
2988 3
2989 6
2990 6
2991 2
2992 10
2993 2
2994 2
2995 2
2996 2
2997 3
2998 17
2999 1
3000 2
3001 2
3002 5
3003 1
3004 1
3005 4
3006 1
3007 8
3008 3
3009 1
3010 3
3011 1
3012 4
3013 1
3014 2
3015 1
3016 2
3017 2
3018 1
3019 2
3020 9
3021 6
3022 5
3023 1
3024 3
3025 3
3026 3
3027 2
3028 2
3029 2
3030 1
3031 2
3032 6
3033 2
3034 1
3035 10
3036 1
3037 5
3038 4
3039 2
3040 3
3041 1
3042 9
3043 3
3044 1
3045 2
3046 3
3047 1
3048 1
3049 2
3050 3
3051 2
3052 3
3053 6
3054 6
3055 5
3056 5
3057 8
3058 2
3059 7
3060 2
3061 6
3062 4
3063 16
3064 4
3065 2
3066 6
3067 3
3068 2
3069 6
3070 5
3071 5
3072 10
3073 3
3074 10
3075 2
3076 2
3077 11
3078 2
3079 2
3080 5
3081 2
3082 3
3083 2
3084 2
3085 8
3086 4
3087 2
3088 1
3089 2
3090 1
3091 1
3092 1
3093 2
3094 3
3095 3
3096 3
3097 18
3098 4
3099 5
3100 7
3101 9
3102 1
3103 2
3104 4
3105 10
3106 1
3107 1
3108 15
3109 3
3110 1
3111 4
3112 2
3113 20
3114 2
3115 3
3116 7
3117 5
3118 1
3119 3
3120 5
3121 12
3122 5
3123 2
3124 6
3125 6
3126 2
3127 4
3128 4
3129 9
3130 2
3131 2
3132 3
3133 2
3134 5
3135 3
3136 6
3137 5
3138 1
3139 4
3140 1
3141 9
3142 3
3143 16
3144 1
3145 7
3146 2
3147 4
3148 2
3149 2
3150 2
3151 2
3152 2
3153 3
3154 2
3155 3
3156 1
3157 2
3158 2
3159 1
3160 1
3161 2
3162 1
3163 2
3164 2
3165 6
3166 3
3167 6
3168 6
3169 4
3170 1
3171 12
3172 3
3173 1
3174 7
3175 14
3176 3
3177 5
3178 8
3179 6
3180 7
3181 4
3182 2
3183 5
3184 3
3185 1
3186 7
3187 2
3188 5
3189 2
3190 7
3191 1
3192 2
3193 2
3194 3
3195 3
3196 4
3197 9
3198 2
3199 1
3200 2
3201 1
3202 4
3203 1
3204 4
3205 6
3206 9
3207 3
3208 2
3209 2
3210 3
3211 1
3212 2
3213 2
3214 1
3215 1
3216 5
3217 7
3218 1
3219 6
3220 4
3221 1
3222 3
3223 3
3224 2
3225 4
3226 3
3227 2
3228 2
3229 10
3230 2
3231 13
3232 3
3233 3
3234 1
3235 7
3236 10
3237 2
3238 1
3239 3
3240 1
3241 5
3242 2
3243 6
3244 5
3245 1
3246 1
3247 3
3248 3
3249 2
3250 7
3251 5
3252 6
3253 1
3254 1
3255 9
3256 4
3257 4
3258 2
3259 3
3260 1
3261 2
3262 1
3263 9
3264 2
3265 6
3266 1
3267 2
3268 1
3269 3
3270 6
3271 5
3272 4
3273 2
3274 5
3275 4
3276 6
3277 2
3278 1
3279 4
3280 5
3281 1
3282 3
3283 2
3284 2
3285 3
3286 4
3287 3
3288 4
3289 2
3290 1
3291 2
3292 3
3293 10
3294 6
3295 4
3296 27
3297 12
3298 7
3299 5
3300 3
3301 2
3302 4
3303 2
3304 3
3305 2
3306 2
3307 8
3308 1
3309 8
3310 8
3311 1
3312 4
3313 2
3314 1
3315 1
3316 3
3317 12
3318 2
3319 2
3320 1
3321 5
3322 9
3323 3
3324 1
3325 8
3326 12
3327 4
3328 2
3329 16
3330 1
3331 5
3332 4
3333 3
3334 3
3335 2
3336 6
3337 1
3338 3
3339 2
3340 2
3341 4
3342 1
3343 18
3344 1
3345 3
3346 2
3347 6
3348 2
3349 1
3350 6
3351 1
3352 4
3353 2
3354 4
3355 2
3356 4
3357 6
3358 2
3359 2
3360 8
3361 12
3362 2
3363 3
3364 14
3365 1
3366 1
3367 3
3368 2
3369 2
3370 1
3371 2
3372 4
3373 10
3374 3
3375 2
3376 3
3377 14
3378 18
3379 9
3380 5
3381 2
3382 5
3383 5
3384 9
3385 17
3386 13
3387 2
3388 6
3389 2
3390 2
3391 1
3392 2
3393 2
3394 2
3395 7
3396 2
3397 4
3398 5
3399 4
3400 3
3401 6
3402 2
3403 3
3404 2
3405 3
3406 2
3407 2
3408 13
3409 10
3410 3
3411 4
3412 6
3413 1
3414 4
3415 3
3416 3
3417 2
3418 1
3419 7
3420 3
3421 2
3422 3
3423 5
3424 7
3425 3
3426 1
3427 1
3428 2
3429 3
3430 4
3431 6
3432 3
3433 1
3434 2
3435 3
3436 12
3437 3
3438 2
3439 8
3440 2
3441 3
3442 3
3443 6
3444 1
3445 2
3446 1
3447 1
3448 2
3449 2
3450 2
3451 2
3452 1
3453 4
3454 5
3455 1
3456 1
3457 6
3458 1
3459 2
3460 2
3461 3
3462 2
3463 32
3464 4
3465 2
3466 19
3467 20
3468 3
3469 3
3470 21
3471 2
3472 1
3473 1
3474 2
3475 1
3476 8
3477 2
3478 4
3479 7
3480 11
3481 7
3482 14
3483 1
3484 1
3485 4
3486 37
3487 7
3488 1
3489 9
3490 3
3491 9
3492 1
3493 10
3494 8
3495 1
3496 1
3497 13
3498 6
3499 1
3500 5
3501 3
3502 1
3503 6
3504 6
3505 3
3506 1
3507 5
3508 4
3509 1
3510 1
3511 3
3512 4
3513 5
3514 1
3515 8
3516 1
3517 2
3518 4
3519 1
3520 1
3521 1
3522 2
3523 5
3524 1
3525 7
3526 3
3527 3
3528 2
3529 5
3530 2
3531 7
3532 2
3533 3
3534 1
3535 2
3536 8
3537 2
3538 2
3539 3
3540 3
3541 1
3542 2
3543 2
3544 1
3545 1
3546 1
3547 2
3548 1
3549 2
3550 2
3551 2
3552 8
3553 3
3554 4
3555 26
3556 3
3557 8
3558 4
3559 1
3560 3
3561 4
3562 2
3563 2
3564 3
3565 4
3566 1
3567 5
3568 5
3569 2
3570 8
3571 2
3572 3
3573 2
3574 12
3575 6
3576 1
3577 1
3578 13
3579 5
3580 2
3581 2
3582 4
3583 1
3584 1
3585 2
3586 3
3587 3
3588 2
3589 1
3590 1
3591 4
3592 8
3593 12
3594 3
3595 2
3596 8
3597 7
3598 3
3599 8
3600 10
3601 2
3602 4
3603 1
3604 24
3605 4
3606 13
3607 16
3608 7
3609 2
3610 5
3611 2
3612 2
3613 1
3614 6
3615 16
3616 11
3617 3
3618 3
3619 5
3620 1
3621 2
3622 1
3623 1
3624 4
3625 3
3626 4
3627 2
3628 2
3629 3
3630 4
3631 3
3632 4
3633 2
3634 6
3635 1
3636 2
3637 3
3638 10
3639 6
3640 3
3641 10
3642 5
3643 3
3644 3
3645 2
3646 1
3647 3
3648 1
3649 3
3650 4
3651 1
3652 3
3653 2
3654 2
3655 6
3656 4
3657 4
3658 2
3659 2
3660 1
3661 2
3662 8
3663 2
3664 5
3665 7
3666 6
3667 2
3668 2
3669 3
3670 1
3671 1
3672 2
3673 2
3674 3
3675 3
3676 8
3677 2
3678 5
3679 2
3680 2
3681 3
3682 2
3683 9
3684 3
3685 3
3686 2
3687 3
3688 3
3689 4
3690 10
3691 11
3692 1
3693 4
3694 2
3695 1
3696 6
3697 2
3698 2
3699 2
3700 1
3701 1
3702 1
3703 1
3704 6
3705 3
3706 3
3707 9
3708 2
3709 4
3710 2
3711 7
3712 1
3713 2
3714 4
3715 7
3716 1
3717 15
3718 13
3719 1
3720 7
3721 10
3722 2
3723 6
3724 1
3725 9
3726 6
3727 1
3728 2
3729 11
3730 8
3731 2
3732 1
3733 14
3734 5
3735 4
3736 3
3737 8
3738 1
3739 1
3740 3
3741 1
3742 1
3743 5
3744 2
3745 15
3746 3
3747 3
3748 2
3749 2
3750 1
3751 2
3752 5
3753 4
3754 3
3755 1
3756 3
3757 6
3758 2
3759 2
3760 6
3761 2
3762 1
3763 10
3764 3
3765 3
3766 1
3767 7
3768 5
3769 3
3770 8
3771 9
3772 2
3773 1
3774 3
3775 2
3776 4
3777 1
3778 2
3779 11
3780 3
3781 2
3782 11
3783 2
3784 2
3785 3
3786 11
3787 6
3788 5
3789 4
3790 4
3791 13
3792 5
3793 8
3794 2
3795 4
3796 3
3797 7
3798 2
3799 13
3800 5
3801 3
3802 9
3803 3
3804 5
3805 2
3806 2
3807 4
3808 19
3809 9
3810 3
3811 13
3812 12
3813 3
3814 13
3815 13
3816 7
3817 2
3818 6
3819 5
3820 5
3821 1
3822 2
3823 2
3824 4
3825 7
3826 1
3827 2
3828 2
3829 4
3830 1
3831 2
3832 11
3833 2
3834 3
3835 3
3836 3
3837 6
3838 5
3839 8
3840 5
3841 2
3842 5
3843 1
3844 2
3845 1
3846 1
3847 1
3848 1
3849 2
3850 7
3851 8
3852 1
3853 4
3854 2
3855 5
3856 3
3857 6
3858 2
3859 14
3860 2
3861 2
3862 2
3863 10
3864 1
3865 2
3866 4
3867 2
3868 9
3869 10
3870 2
3871 9
3872 3
3873 5
3874 6
3875 5
3876 2
3877 1
3878 2
3879 7
3880 6
3881 2
3882 3
3883 3
3884 5
3885 3
3886 3
3887 2
3888 12
3889 1
3890 4
3891 5
3892 8
3893 4
3894 2
3895 3
3896 2
3897 1
3898 1
3899 2
3900 1
3901 1
3902 2
3903 4
3904 2
3905 3
3906 6
3907 1
3908 2
3909 9
3910 5
3911 16
3912 9
3913 2
3914 2
3915 1
3916 4
3917 4
3918 5
3919 1
3920 1
3921 2
3922 1
3923 4
3924 2
3925 10
3926 3
3927 4
3928 1
3929 2
3930 1
3931 2
3932 3
3933 2
3934 3
3935 5
3936 9
3937 1
3938 4
3939 13
3940 5
3941 2
3942 2
3943 2
3944 1
3945 3
3946 1
3947 7
3948 4
3949 2
3950 4
3951 1
3952 1
3953 1
3954 3
3955 3
3956 2
3957 5
3958 1
3959 1
3960 1
3961 3
3962 2
3963 2
3964 1
3965 1
3966 5
3967 2
3968 2
3969 2
3970 6
3971 6
3972 3
3973 1
3974 1
3975 2
3976 9
3977 2
3978 7
3979 4
3980 3
3981 8
3982 1
3983 1
3984 1
3985 2
3986 1
3987 1
3988 3
3989 4
3990 3
3991 2
3992 1
3993 1
3994 2
3995 8
3996 5
3997 7
3998 8
3999 1
4000 1
4001 6
4002 8
4003 13
4004 11
4005 7
4006 4
4007 9
4008 3
4009 4
4010 7
4011 2
4012 1
4013 6
4014 6
4015 10
4016 6
4017 1
4018 1
4019 5
4020 3
4021 5
4022 5
4023 6
4024 7
4025 10
4026 2
4027 9
4028 11
4029 8
4030 3
4031 1
4032 2
4033 3
4034 11
4035 3
4036 5
4037 2
4038 1
4039 2
4040 2
4041 5
4042 2
4043 4
4044 1
4045 2
4046 1
4047 5
4048 3
4049 1
4050 2
4051 3
4052 2
4053 3
4054 1
4055 8
4056 1
4057 5
4058 2
4059 6
4060 2
4061 2
4062 5
4063 1
4064 7
4065 1
4066 4
4067 5
4068 6
4069 2
4070 4
4071 3
4072 2
4073 1
4074 1
4075 1
4076 3
4077 1
4078 1
4079 1
4080 3
4081 10
4082 4
4083 3
4084 5
4085 1
4086 9
4087 9
4088 1
4089 2
4090 2
4091 4
4092 7
4093 1
4094 18
4095 5
4096 1
4097 7
4098 9
4099 1
4100 2
4101 1
4102 9
4103 4
4104 2
4105 2
4106 5
4107 2
4108 7
4109 1
4110 5
4111 1
4112 1
4113 3
4114 9
4115 2
4116 4
4117 2
4118 2
4119 4
4120 7
4121 4
4122 3
4123 2
4124 1
4125 3
4126 2
4127 1
4128 1
4129 3
4130 1
4131 1
4132 1
4133 1
4134 1
4135 2
4136 1
4137 2
4138 4
4139 8
4140 5
4141 2
4142 6
4143 2
4144 3
4145 2
4146 1
4147 1
4148 1
4149 1
4150 8
4151 1
4152 1
4153 2
4154 3
4155 3
4156 1
4157 1
4158 2
4159 3
4160 3
4161 2
4162 1
4163 1
4164 2
4165 1
4166 3
4167 2
4168 2
4169 1
4170 2
4171 2
4172 2
4173 3
4174 3
4175 13
4176 1
4177 1
4178 2
4179 7
4180 2
4181 2
4182 2
4183 2
4184 1
4185 2
4186 7
4187 4
4188 3
4189 2
4190 5
4191 8
4192 2
4193 1
4194 3
4195 1
4196 2
4197 2
4198 8
4199 1
4200 1
4201 2
4202 1
4203 1
4204 2
4205 6
4206 7
4207 13
4208 6
4209 7
4210 9
4211 10
4212 9
4213 7
4214 3
4215 7
4216 2
4217 7
4218 7
4219 2
4220 1
4221 3
4222 3
4223 3
4224 1
4225 8
4226 5
4227 2
4228 11
4229 2
4230 6
4231 2
4232 4
4233 1
4234 3
4235 1
4236 2
4237 7
4238 2
4239 7
4240 5
4241 11
4242 1
4243 10
4244 4
4245 5
4246 3
4247 3
4248 8
4249 1
4250 5
4251 3
4252 17
4253 9
4254 2
4255 2
4256 2
4257 1
4258 1
4259 2
4260 4
4261 5
4262 1
4263 1
4264 11
4265 2
4266 5
4267 2
4268 2
4269 2
4270 2
4271 1
4272 9
4273 1
4274 2
4275 3
4276 1
4277 1
4278 8
4279 4
4280 6
4281 3
4282 1
4283 5
4284 2
4285 2
4286 1
4287 2
4288 2
4289 1
4290 2
4291 2
4292 1
4293 1
4294 1
4295 4
4296 2
4297 3
4298 3
4299 3
4300 2
4301 4
4302 6
4303 1
4304 3
4305 5
4306 4
4307 3
4308 5
4309 16
4310 1
4311 4
4312 2
4313 7
4314 1
4315 8
4316 1
4317 3
4318 5
4319 7
4320 2
4321 2
4322 5
4323 2
4324 7
4325 2
4326 3
4327 5
4328 3
4329 5
4330 2
4331 2
4332 11
4333 1
4334 1
4335 2
4336 1
4337 3
4338 4
4339 2
4340 3
4341 4
4342 7
4343 1
4344 3
4345 7
4346 5
4347 2
4348 7
4349 2
4350 1
4351 2
4352 1
4353 3
4354 2
4355 4
4356 1
4357 2
4358 2
4359 5
4360 3
4361 2
4362 2
4363 3
4364 1
4365 2
4366 2
4367 1
4368 1
4369 1
4370 7
4371 4
4372 5
4373 5
4374 3
4375 2
4376 1
4377 3
4378 1
4379 1
4380 1
4381 2
4382 1
4383 1
4384 2
4385 1
4386 2
4387 2
4388 2
4389 1
4390 1
4391 1
4392 5
4393 2
4394 2
4395 1
4396 1
4397 2
4398 2
4399 2
4400 1
4401 1
4402 2
4403 5
4404 7
4405 9
4406 2
4407 2
4408 1
4409 2
4410 3
4411 9
4412 1
4413 2
4414 1
4415 1
4416 2
4417 3
4418 9
4419 2
4420 2
4421 1
4422 2
4423 12
4424 1
4425 2
4426 3
4427 3
4428 3
4429 2
4430 3
4431 2
4432 4
4433 2
4434 1
4435 6
4436 4
4437 2
4438 1
4439 3
4440 22
4441 3
4442 3
4443 8
4444 2
4445 1
4446 2
4447 1
4448 4
4449 5
4450 1
4451 6
4452 1
4453 5
4454 8
4455 10
4456 7
4457 1
4458 7
4459 8
4460 1
4461 2
4462 2
4463 1
4464 4
4465 2
4466 3
4467 2
4468 1
4469 2
4470 3
4471 1
4472 3
4473 1
4474 1
4475 2
4476 2
4477 4
4478 1
4479 2
4480 4
4481 1
4482 4
4483 2
4484 1
4485 2
4486 3
4487 1
4488 3
4489 2
4490 1
4491 2
4492 2
4493 2
4494 3
4495 1
4496 2
4497 2
4498 11
4499 2
4500 4
4501 1
4502 1
4503 7
4504 2
4505 2
4506 6
4507 2
4508 4
4509 1
4510 6
4511 2
4512 2
4513 2
4514 2
4515 1
4516 3
4517 1
4518 1
4519 2
4520 2
4521 8
4522 3
4523 5
4524 13
4525 1
4526 6
4527 2
4528 4
4529 4
4530 3
4531 2
4532 2
4533 5
4534 1
4535 5
4536 5
4537 3
4538 7
4539 1
4540 1
4541 2
4542 1
4543 1
4544 5
4545 1
4546 1
4547 1
4548 6
4549 2
4550 2
4551 2
4552 3
4553 4
4554 3
4555 2
4556 1
4557 2
4558 2
4559 2
4560 2
4561 10
4562 1
4563 4
4564 1
4565 2
4566 1
4567 6
4568 10
4569 1
4570 1
4571 3
4572 2
4573 2
4574 1
4575 1
4576 3
4577 29
4578 5
4579 6
4580 3
4581 4
4582 9
4583 1
4584 5
4585 2
4586 2
4587 4
4588 4
4589 5
4590 1
4591 1
4592 1
4593 1
4594 1
4595 2
4596 2
4597 3
4598 1
4599 2
4600 7
4601 1
4602 2
4603 1
4604 7
4605 9
4606 3
4607 5
4608 2
4609 2
4610 2
4611 9
4612 4
4613 1
4614 4
4615 2
4616 1
4617 6
4618 1
4619 2
4620 1
4621 1
4622 1
4623 2
4624 4
4625 3
4626 2
4627 4
4628 1
4629 2
4630 2
4631 2
4632 1
4633 2
4634 7
4635 3
4636 2
4637 4
4638 1
4639 1
4640 6
4641 1
4642 10
4643 1
4644 3
4645 6
4646 10
4647 1
4648 6
4649 2
4650 1
4651 3
4652 2
4653 8
4654 1
4655 2
4656 1
4657 1
4658 3
4659 1
4660 2
4661 1
4662 2
4663 1
4664 1
4665 7
4666 1
4667 2
4668 2
4669 2
4670 2
4671 2
4672 2
4673 2
4674 6
4675 1
4676 4
4677 1
4678 3
4679 2
4680 5
4681 2
4682 3
4683 1
4684 1
4685 2
4686 1
4687 1
4688 2
4689 1
4690 3
4691 2
4692 3
4693 3
4694 5
4695 12
4696 3
4697 6
4698 3
4699 4
4700 4
4701 3
4702 11
4703 8
4704 1
4705 1
4706 1
4707 5
4708 1
4709 4
4710 2
4711 4
4712 1
4713 1
4714 5
4715 3
4716 4
4717 2
4718 3
4719 1
4720 3
4721 3
4722 2
4723 3
4724 3
4725 13
4726 4
4727 2
4728 2
4729 1
4730 4
4731 3
4732 4
4733 1
4734 3
4735 4
4736 3
4737 2
4738 4
4739 2
4740 3
4741 6
4742 1
4743 1
4744 2
4745 2
4746 3
4747 4
4748 3
4749 3
4750 1
4751 3
4752 3
4753 2
4754 2
4755 2
4756 6
4757 2
4758 1
4759 1
4760 2
4761 3
4762 1
4763 3
4764 1
4765 1
4766 2
4767 6
4768 2
4769 2
4770 4
4771 6
4772 9
4773 2
4774 5
4775 2
4776 5
4777 3
4778 3
4779 2
4780 1
4781 3
4782 4
4783 2
4784 5
4785 2
4786 3
4787 1
4788 3
4789 1
4790 2
4791 2
4792 6
4793 1
4794 2
4795 2
4796 5
4797 2
4798 2
4799 3
4800 2
4801 2
4802 4
4803 3
4804 3
4805 1
4806 2
4807 2
4808 5
4809 9
4810 1
4811 2
4812 5
4813 6
4814 1
4815 1
4816 3
4817 5
4818 5
4819 21
4820 3
4821 6
4822 2
4823 2
4824 4
4825 5
4826 3
4827 8
4828 1
4829 2
4830 5
4831 5
4832 1
4833 8
4834 1
4835 10
4836 1
4837 3
4838 3
4839 5
4840 4
4841 1
4842 3
4843 5
4844 5
4845 4
4846 2
4847 5
4848 2
4849 1
4850 9
4851 1
4852 1
4853 3
4854 2
4855 1
4856 2
4857 3
4858 1
4859 3
4860 2
4861 2
4862 9
4863 4
4864 10
4865 2
4866 1
4867 2
4868 3
4869 1
4870 1
4871 1
4872 4
4873 7
4874 2
4875 2
4876 9
4877 16
4878 2
4879 1
4880 1
4881 2
4882 2
4883 3
4884 2
4885 1
4886 2
4887 2
4888 5
4889 5
4890 3
4891 3
4892 3
4893 7
4894 3
4895 1
4896 2
4897 2
4898 6
4899 2
4900 1
4901 3
4902 6
4903 2
4904 2
4905 4
4906 2
4907 3
4908 4
4909 2
4910 4
4911 2
4912 3
4913 3
4914 3
4915 2
4916 2
4917 1
4918 1
4919 1
4920 1
4921 4
4922 1
4923 2
4924 4
4925 2
4926 1
4927 4
4928 20
4929 1
4930 1
4931 1
4932 1
4933 8
4934 2
4935 4
4936 4
4937 4
4938 1
4939 11
4940 4
4941 1
4942 4
4943 17
4944 3
4945 3
4946 1
4947 5
4948 2
4949 2
4950 2
4951 1
4952 11
4953 1
4954 1
4955 1
4956 3
4957 3
4958 2
4959 3
4960 2
4961 2
4962 4
4963 1
4964 1
4965 3
4966 8
4967 5
4968 8
4969 5
4970 7
4971 7
4972 3
4973 2
4974 4
4975 12
4976 3
4977 1
4978 5
4979 1
4980 1
4981 2
4982 8
4983 1
4984 1
4985 3
4986 3
4987 2
4988 7
4989 8
4990 2
4991 2
4992 1
4993 1
4994 7
4995 1
4996 2
4997 4
4998 1
4999 2
5000 3
5001 3
5002 2
5003 1
5004 3
5005 2
5006 4
5007 4
5008 2
5009 2
5010 3
5011 8
5012 2
5013 2
5014 3
5015 2
5016 2
5017 3
5018 2
5019 2
5020 1
5021 4
5022 2
5023 2
5024 1
5025 2
5026 6
5027 5
5028 1
5029 7
5030 7
5031 1
5032 3
5033 2
5034 2
5035 4
5036 1
5037 4
5038 5
5039 3
5040 3
5041 2
5042 3
5043 1
5044 1
5045 3
5046 3
5047 2
5048 3
5049 6
5050 6
5051 2
5052 3
5053 1
5054 8
5055 1
5056 2
5057 1
5058 1
5059 2
5060 3
5061 2
5062 4
5063 3
5064 1
5065 6
5066 2
5067 3
5068 1
5069 1
5070 1
5071 3
5072 7
5073 1
5074 3
5075 1
5076 4
5077 2
5078 1
5079 4
5080 2
5081 4
5082 2
5083 2
5084 2
5085 1
5086 4
5087 8
5088 2
5089 3
5090 2
5091 1
5092 1
5093 1
5094 1
5095 1
5096 2
5097 2
5098 7
5099 3
5100 2
5101 3
5102 2
5103 1
5104 1
5105 3
5106 2
5107 1
5108 3
5109 4
5110 9
5111 4
5112 3
5113 5
5114 2
5115 1
5116 2
5117 2
5118 1
5119 6
5120 4
5121 2
5122 1
5123 1
5124 2
5125 2
5126 3
5127 6
5128 2
5129 1
5130 2
5131 3
5132 1
5133 6
5134 3
5135 17
5136 7
5137 9
5138 1
5139 3
5140 2
5141 4
5142 1
5143 2
5144 3
5145 5
5146 3
5147 6
5148 8
5149 4
5150 5
5151 5
5152 3
5153 3
5154 10
5155 8
5156 1
5157 2
5158 2
5159 2
5160 5
5161 1
5162 2
5163 6
5164 1
5165 15
5166 1
5167 1
5168 2
5169 4
5170 2
5171 1
5172 3
5173 2
5174 4
5175 2
5176 3
5177 3
5178 2
5179 3
5180 1
5181 4
5182 3
5183 1
5184 1
5185 1
5186 1
5187 5
5188 1
5189 1
5190 1
5191 1
5192 1
5193 2
5194 2
5195 2
5196 2
5197 1
5198 2
5199 5
5200 2
5201 2
5202 3
5203 1
5204 1
5205 1
5206 4
5207 1
5208 4
5209 1
5210 1
5211 2
5212 5
5213 4
5214 1
5215 2
5216 3
5217 2
5218 1
5219 2
5220 5
5221 7
5222 4
5223 1
5224 3
5225 2
5226 2
5227 8
5228 3
5229 3
5230 3
5231 3
5232 1
5233 3
5234 3
5235 1
5236 1
5237 2
5238 8
5239 4
5240 1
5241 2
5242 2
5243 2
5244 3
5245 5
5246 1
5247 1
5248 2
5249 1
5250 4
5251 11
5252 2
5253 3
5254 1
5255 1
5256 7
5257 2
5258 2
5259 2
5260 1
5261 5
5262 1
5263 5
5264 1
5265 1
5266 2
5267 2
5268 2
5269 2
5270 1
5271 2
5272 3
5273 4
5274 1
5275 2
5276 1
5277 3
5278 4
5279 2
5280 1
5281 8
5282 1
5283 8
5284 3
5285 3
5286 2
5287 9
5288 1
5289 3
5290 10
5291 4
5292 2
5293 1
5294 5
5295 2
5296 1
5297 1
5298 5
5299 1
5300 1
5301 2
5302 7
5303 4
5304 2
5305 1
5306 10
5307 2
5308 4
5309 1
5310 5
5311 1
5312 1
5313 1
5314 6
5315 2
5316 1
5317 4
5318 2
5319 9
5320 3
5321 5
5322 8
5323 3
5324 3
5325 1
5326 10
5327 1
5328 1
5329 9
5330 1
5331 4
5332 5
5333 2
5334 3
5335 1
5336 4
5337 3
5338 2
5339 2
5340 9
5341 4
5342 2
5343 3
5344 4
5345 2
5346 1
5347 1
5348 2
5349 2
5350 9
5351 1
5352 2
5353 8
5354 2
5355 9
5356 2
5357 4
5358 6
5359 6
5360 4
5361 3
5362 3
5363 4
5364 2
5365 2
5366 5
5367 1
5368 1
5369 1
5370 1
5371 5
5372 1
5373 5
5374 2
5375 1
5376 1
5377 1
5378 1
5379 1
5380 2
5381 2
5382 3
5383 2
5384 2
5385 2
5386 3
5387 3
5388 1
5389 2
5390 3
5391 4
5392 1
5393 1
5394 2
5395 3
5396 2
5397 1
5398 3
5399 4
5400 2
5401 2
5402 8
5403 4
5404 4
5405 2
5406 2
5407 2
5408 2
5409 11
5410 3
5411 1
5412 1
5413 1
5414 1
5415 2
5416 3
5417 1
5418 1
5419 2
5420 2
5421 2
5422 10
5423 5
5424 2
5425 1
5426 1
5427 1
5428 2
5429 2
5430 1
5431 5
5432 1
5433 1
5434 2
5435 1
5436 2
5437 3
5438 2
5439 2
5440 8
5441 3
5442 2
5443 3
5444 2
5445 2
5446 2
5447 2
5448 1
5449 5
5450 5
5451 1
5452 3
5453 3
5454 2
5455 3
5456 1
5457 3
5458 2
5459 2
5460 3
5461 4
5462 2
5463 5
5464 3
5465 4
5466 1
5467 4
5468 7
5469 3
5470 1
5471 4
5472 3
5473 2
5474 2
5475 1
5476 4
5477 5
5478 6
5479 2
5480 1
5481 3
5482 2
5483 3
5484 2
5485 2
5486 1
5487 3
5488 2
5489 4
5490 3
5491 2
5492 6
5493 5
5494 3
5495 11
5496 2
5497 3
5498 6
5499 1
5500 2
5501 2
5502 2
5503 4
5504 2
5505 1
5506 3
5507 1
5508 2
5509 1
5510 1
5511 4
5512 2
5513 7
5514 6
5515 1
5516 2
5517 2
5518 2
5519 2
5520 1
5521 2
5522 3
5523 2
5524 2
5525 1
5526 4
5527 3
5528 4
5529 4
5530 1
5531 1
5532 5
5533 1
5534 5
5535 2
5536 1
5537 3
5538 1
5539 1
5540 1
5541 1
5542 3
5543 2
5544 2
5545 3
5546 2
5547 1
5548 5
5549 8
5550 4
5551 6
5552 2
5553 1
5554 2
5555 4
5556 3
5557 6
5558 1
5559 2
5560 3
5561 2
5562 1
5563 12
5564 1
5565 2
5566 1
5567 5
5568 3
5569 2
5570 6
5571 6
5572 5
5573 10
5574 2
5575 6
5576 6
5577 4
5578 6
5579 1
5580 3
5581 1
5582 3
5583 2
5584 1
5585 1
5586 4
5587 1
5588 2
5589 2
5590 1
5591 1
5592 4
5593 1
5594 8
5595 1
5596 1
5597 10
5598 3
5599 2
5600 1
5601 2
5602 2
5603 3
5604 2
5605 4
5606 5
5607 2
5608 1
5609 2
5610 2
5611 3
5612 5
5613 1
5614 7
5615 1
5616 1
5617 2
5618 1
5619 1
5620 2
5621 3
5622 2
5623 4
5624 1
5625 2
5626 1
5627 1
5628 1
5629 2
5630 1
5631 1
5632 1
5633 2
5634 6
5635 3
5636 2
5637 2
5638 2
5639 1
5640 1
5641 1
5642 4
5643 3
5644 1
5645 6
5646 3
5647 1
5648 2
5649 2
5650 1
5651 2
5652 13
5653 2
5654 5
5655 4
5656 1
5657 2
5658 3
5659 1
5660 3
5661 1
5662 2
5663 4
5664 1
5665 2
5666 3
5667 3
5668 2
5669 5
5670 2
5671 3
5672 2
5673 9
5674 2
5675 1
5676 3
5677 5
5678 2
5679 1
5680 1
5681 4
5682 1
5683 3
5684 1
5685 1
5686 1
5687 1
5688 3
5689 3
5690 2
5691 2
5692 2
5693 4
5694 2
5695 3
5696 1
5697 4
5698 2
5699 1
5700 2
5701 2
5702 1
5703 4
5704 2
5705 5
5706 6
5707 1
5708 2
5709 3
5710 3
5711 2
5712 1
5713 1
5714 5
5715 2
5716 1
5717 2
5718 2
5719 4
5720 2
5721 1
5722 1
5723 2
5724 2
5725 4
5726 1
5727 3
5728 4
5729 3
5730 3
5731 3
5732 1
5733 2
5734 1
5735 1
5736 4
5737 2
5738 3
5739 1
5740 2
5741 1
5742 1
5743 3
5744 2
5745 4
5746 13
5747 7
5748 2
5749 2
5750 1
5751 2
5752 1
5753 4
5754 2
5755 3
5756 3
5757 2
5758 2
5759 1
5760 5
5761 2
5762 2
5763 3
5764 1
5765 1
5766 1
5767 2
5768 2
5769 3
5770 3
5771 2
5772 4
5773 1
5774 2
5775 3
5776 1
5777 3
5778 2
5779 1
5780 2
5781 1
5782 4
5783 1
5784 2
5785 2
5786 6
5787 6
5788 5
5789 9
5790 6
5791 3
5792 1
5793 1
5794 4
5795 2
5796 2
5797 2
5798 2
5799 1
5800 2
5801 6
5802 1
5803 1
5804 1
5805 3
5806 1
5807 6
5808 4
5809 1
5810 1
5811 3
5812 3
5813 1
5814 1
5815 3
5816 1
5817 1
5818 3
5819 1
5820 8
5821 8
5822 3
5823 2
5824 1
5825 3
5826 2
5827 1
5828 11
5829 1
5830 3
5831 3
5832 2
5833 1
5834 1
5835 1
5836 1
5837 1
5838 1
5839 2
5840 1
5841 1
5842 1
5843 2
5844 1
5845 4
5846 2
5847 1
5848 7
5849 5
5850 3
5851 2
5852 2
5853 3
5854 3
5855 3
5856 2
5857 2
5858 1
5859 2
5860 1
5861 4
5862 1
5863 2
5864 2
5865 2
5866 1
5867 2
5868 4
5869 3
5870 5
5871 5
5872 2
5873 3
5874 1
5875 1
5876 2
5877 2
5878 4
5879 1
5880 2
5881 1
5882 1
5883 1
5884 2
5885 1
5886 1
5887 1
5888 2
5889 1
5890 2
5891 3
5892 2
5893 1
5894 3
5895 2
5896 3
5897 4
5898 1
5899 3
5900 4
5901 3
5902 2
5903 1
5904 1
5905 4
5906 1
5907 1
5908 2
5909 2
5910 1
5911 1
5912 2
5913 2
5914 2
5915 2
5916 1
5917 1
5918 1
5919 2
5920 2
5921 3
5922 3
5923 2
5924 2
5925 1
5926 2
5927 5
5928 2
5929 3
5930 2
5931 2
5932 2
5933 5
5934 8
5935 3
5936 1
5937 2
5938 2
5939 2
5940 3
5941 1
5942 1
5943 1
5944 1
5945 1
5946 1
5947 2
5948 1
5949 1
5950 1
5951 3
5952 1
5953 1
5954 1
5955 3
5956 1
5957 2
5958 9
5959 1
5960 2
5961 6
5962 3
5963 2
5964 4
5965 1
5966 3
5967 2
5968 4
5969 1
5970 3
5971 1
5972 1
5973 6
5974 1
5975 2
5976 2
5977 1
5978 1
5979 1
5980 1
5981 2
5982 1
5983 8
5984 3
5985 2
5986 2
5987 2
5988 1
5989 4
5990 5
5991 2
5992 1
5993 3
5994 7
5995 2
5996 2
5997 4
5998 2
5999 2
6000 2
6001 2
6002 1
6003 1
6004 2
6005 2
6006 3
6007 2
6008 3
6009 3
6010 3
6011 1
6012 5
6013 1
6014 1
6015 2
6016 4
6017 2
6018 1
6019 3
6020 2
6021 5
6022 2
6023 3
6024 2
6025 2
6026 2
6027 2
6028 1
6029 2
6030 3
6031 1
6032 3
6033 2
6034 3
6035 1
6036 1
6037 4
6038 2
6039 1
6040 1
6041 4
6042 2
6043 1
6044 2
6045 1
6046 4
6047 2
6048 4
6049 1
6050 2
6051 2
6052 5
6053 6
6054 5
6055 5
6056 2
6057 2
6058 1
6059 3
6060 2
6061 2
6062 2
6063 2
6064 4
6065 2
6066 1
6067 2
6068 1
6069 1
6070 1
6071 3
6072 4
6073 5
6074 2
6075 1
6076 4
6077 2
6078 3
6079 1
6080 2
6081 2
6082 4
6083 1
6084 2
6085 2
6086 2
6087 1
6088 1
6089 1
6090 1
6091 5
6092 3
6093 3
6094 1
6095 4
6096 3
6097 2
6098 2
6099 2
6100 1
6101 3
6102 3
6103 3
6104 2
6105 2
6106 3
6107 2
6108 4
6109 7
6110 3
6111 3
6112 1
6113 1
6114 2
6115 3
6116 1
6117 2
6118 2
6119 3
6120 2
6121 2
6122 3
6123 1
6124 5
6125 2
6126 5
6127 2
6128 2
6129 2
6130 4
6131 1
6132 3
6133 2
6134 1
6135 5
6136 2
6137 4
6138 2
6139 1
6140 4
6141 2
6142 3
6143 3
6144 4
6145 2
6146 2
6147 2
6148 1
6149 3
6150 1
6151 1
6152 2
6153 1
6154 3
6155 5
6156 2
6157 12
6158 2
6159 2
6160 2
6161 1
6162 2
6163 2
6164 3
6165 2
6166 3
6167 2
6168 1
6169 3
6170 1
6171 8
6172 1
6173 7
6174 2
6175 1
6176 1
6177 1
6178 1
6179 2
6180 2
6181 4
6182 2
6183 5
6184 3
6185 1
6186 2
6187 1
6188 3
6189 3
6190 6
6191 3
6192 2
6193 1
6194 2
6195 1
6196 1
6197 1
6198 3
6199 1
6200 4
6201 1
6202 2
6203 1
6204 1
6205 2
6206 2
6207 2
6208 4
6209 3
6210 2
6211 2
6212 2
6213 1
6214 2
6215 2
6216 1
6217 1
6218 1
6219 1
6220 6
6221 1
6222 1
6223 2
6224 1
6225 1
6226 4
6227 2
6228 1
6229 2
6230 7
6231 2
6232 6
6233 2
6234 2
6235 2
6236 4
6237 1
6238 1
6239 5
6240 2
6241 1
6242 1
6243 4
6244 2
6245 2
6246 3
6247 1
6248 2
6249 3
6250 2
6251 3
6252 4
6253 1
6254 6
6255 10
6256 1
6257 7
6258 1
6259 2
6260 3
6261 2
6262 2
6263 3
6264 1
6265 1
6266 2
6267 3
6268 3
6269 1
6270 1
6271 3
6272 1
6273 8
6274 2
6275 3
6276 2
6277 2
6278 1
6279 4
6280 6
6281 2
6282 4
6283 2
6284 1
6285 2
6286 1
6287 1
6288 2
6289 4
6290 1
6291 2
6292 1
6293 1
6294 2
6295 1
6296 1
6297 3
6298 3
6299 3
6300 1
6301 2
6302 1
6303 1
6304 1
6305 1
6306 2
6307 3
6308 1
6309 2
6310 2
6311 4
6312 4
6313 2
6314 4
6315 2
6316 1
6317 2
6318 1
6319 2
6320 2
6321 3
6322 5
6323 2
6324 2
6325 3
6326 2
6327 1
6328 2
6329 1
6330 2
6331 2
6332 2
6333 7
6334 1
6335 3
6336 2
6337 1
6338 1
6339 2
6340 1
6341 2
6342 3
6343 3
6344 1
6345 3
6346 2
6347 1
6348 1
6349 2
6350 3
6351 3
6352 2
6353 2
6354 4
6355 1
6356 2
6357 1
6358 1
6359 2
6360 1
6361 2
6362 2
6363 1
6364 2
6365 1
6366 1
6367 1
6368 3
6369 8
6370 2
6371 2
6372 1
6373 3
6374 3
6375 2
6376 4
6377 2
6378 3
6379 1
6380 5
6381 4
6382 1
6383 1
6384 3
6385 1
6386 2
6387 1
6388 2
6389 2
6390 3
6391 3
6392 5
6393 1
6394 3
6395 6
6396 4
6397 7
6398 1
6399 7
6400 1
6401 1
6402 2
6403 1
6404 2
6405 2
6406 1
6407 3
6408 5
6409 1
6410 2
6411 3
6412 5
6413 4
6414 2
6415 1
6416 2
6417 3
6418 3
6419 3
6420 2
6421 2
6422 2
6423 2
6424 2
6425 2
6426 4
6427 3
6428 2
6429 1
6430 3
6431 4
6432 1
6433 3
6434 2
6435 1
6436 1
6437 3
6438 2
6439 4
6440 3
6441 3
6442 1
6443 2
6444 1
6445 1
6446 1
6447 2
6448 1
6449 2
6450 3
6451 2
6452 3
6453 2
6454 3
6455 1
6456 2
6457 1
6458 2
6459 7
6460 2
6461 2
6462 3
6463 5
6464 2
6465 1
6466 1
6467 4
6468 2
6469 8
6470 1
6471 1
6472 1
6473 1
6474 2
6475 1
6476 1
6477 2
6478 2
6479 1
6480 1
6481 2
6482 2
6483 1
6484 3
6485 3
6486 1
6487 1
6488 2
6489 1
6490 2
6491 4
6492 1
6493 2
6494 2
6495 1
6496 1
6497 5
6498 1
6499 1
6500 6
6501 7
6502 1
6503 3
6504 4
6505 3
6506 2
6507 2
6508 2
6509 1
6510 3
6511 1
6512 2
6513 3
6514 1
6515 1
6516 1
6517 6
6518 1
6519 1
6520 2
6521 2
6522 2
6523 2
6524 3
6525 6
6526 2
6527 3
6528 2
6529 3
6530 6
6531 4
6532 3
6533 1
6534 4
6535 2
6536 2
6537 3
6538 1
6539 4
6540 2
6541 2
6542 3
6543 2
6544 1
6545 2
6546 2
6547 1
6548 1
6549 1
6550 2
6551 2
6552 1
6553 3
6554 3
6555 2
6556 3
6557 2
6558 6
6559 2
6560 1
6561 2
6562 2
6563 1
6564 2
6565 3
6566 2
6567 2
6568 3
6569 1
6570 4
6571 2
6572 1
6573 1
6574 1
6575 2
6576 2
6577 2
6578 3
6579 1
6580 3
6581 2
6582 5
6583 2
6584 2
6585 2
6586 1
6587 5
6588 2
6589 4
6590 6
6591 2
6592 1
6593 3
6594 2
6595 1
6596 1
6597 2
6598 3
6599 3
6600 1
6601 3
6602 2
6603 4
6604 2
6605 2
6606 1
6607 2
6608 2
6609 2
6610 1
6611 1
6612 2
6613 1
6614 1
6615 5
6616 1
6617 2
6618 2
6619 3
6620 2
6621 2
6622 3
6623 2
6624 1
6625 4
6626 2
6627 2
6628 3
6629 2
6630 2
6631 3
6632 1
6633 5
6634 1
6635 5
6636 1
6637 1
6638 2
6639 1
6640 5
6641 3
6642 1
6643 2
6644 5
6645 1
6646 1
6647 2
6648 5
6649 4
6650 2
6651 1
6652 2
6653 1
6654 1
6655 2
6656 2
6657 3
6658 2
6659 3
6660 1
6661 1
6662 2
6663 1
6664 2
6665 1
6666 1
6667 2
6668 2
6669 1
6670 2
6671 1
6672 3
6673 3
6674 4
6675 8
6676 1
6677 4
6678 1
6679 4
6680 2
6681 1
6682 2
6683 1
6684 3
6685 3
6686 3
6687 2
6688 2
6689 3
6690 1
6691 1
6692 2
6693 2
6694 1
6695 1
6696 5
6697 2
6698 2
6699 2
6700 2
6701 1
6702 3
6703 2
6704 3
6705 1
6706 1
6707 2
6708 2
6709 1
6710 4
6711 3
6712 2
6713 1
6714 1
6715 1
6716 3
6717 3
6718 2
6719 2
6720 2
6721 3
6722 2
6723 1
6724 1
6725 2
6726 6
6727 3
6728 2
6729 1
6730 4
6731 2
6732 1
6733 1
6734 2
6735 2
6736 3
6737 3
6738 1
6739 5
6740 2
6741 1
6742 2
6743 2
6744 2
6745 1
6746 2
6747 4
6748 1
6749 2
6750 2
6751 2
6752 1
6753 2
6754 2
6755 2
6756 1
6757 3
6758 2
6759 2
6760 1
6761 2
6762 2
6763 1
6764 2
6765 1
6766 3
6767 2
6768 2
6769 1
6770 3
6771 1
6772 2
6773 1
6774 1
6775 4
6776 1
6777 2
6778 2
6779 6
6780 2
6781 3
6782 5
6783 2
6784 1
6785 2
6786 2
6787 2
6788 3
6789 3
6790 1
6791 1
6792 2
6793 1
6794 2
6795 2
6796 1
6797 6
6798 5
6799 2
6800 2
6801 2
6802 2
6803 2
6804 6
6805 3
6806 2
6807 1
6808 2
6809 3
6810 1
6811 2
6812 3
6813 3
6814 3
6815 2
6816 1
6817 2
6818 1
6819 1
6820 2
6821 1
6822 4
6823 1
6824 2
6825 4
6826 5
6827 1
6828 4
6829 3
6830 1
6831 2
6832 3
6833 1
6834 3
6835 2
6836 2
6837 2
6838 2
6839 4
6840 2
6841 2
6842 1
6843 4
6844 1
6845 1
6846 1
6847 1
6848 1
6849 2
6850 2
6851 1
6852 2
6853 2
6854 2
6855 1
6856 1
6857 1
6858 2
6859 2
6860 2
6861 2
6862 1
6863 2
6864 1
6865 4
6866 1
6867 1
6868 1
6869 2
6870 3
6871 2
6872 1
6873 2
6874 3
6875 2
6876 2
6877 5
6878 2
6879 6
6880 2
6881 4
6882 2
6883 2
6884 4
6885 2
6886 1
6887 2
6888 2
6889 3
6890 5
6891 1
6892 1
6893 9
6894 3
6895 1
6896 3
6897 2
6898 3
6899 1
6900 1
6901 2
6902 2
6903 2
6904 2
6905 2
6906 3
6907 1
6908 2
6909 1
6910 3
6911 1
6912 1
6913 2
6914 1
6915 3
6916 1
6917 2
6918 2
6919 4
6920 2
6921 1
6922 2
6923 1
6924 2
6925 2
6926 3
6927 1
6928 1
6929 1
6930 2
6931 2
6932 2
6933 6
6934 1
6935 2
6936 5
6937 2
6938 2
6939 1
6940 1
6941 3
6942 2
6943 1
6944 1
6945 2
6946 2
6947 2
6948 3
6949 3
6950 1
6951 2
6952 4
6953 1
6954 1
6955 1
6956 4
6957 1
6958 3
6959 1
6960 2
6961 3
6962 6
6963 1
6964 2
6965 2
6966 2
6967 3
6968 1
6969 2
6970 2
6971 1
6972 1
6973 3
6974 2
6975 1
6976 1
6977 3
6978 2
6979 2
6980 1
6981 3
6982 2
6983 1
6984 2
6985 2
6986 2
6987 3
6988 3
6989 2
6990 3
6991 1
6992 2
6993 1
6994 1
6995 2
6996 1
6997 1
6998 5
6999 5
7000 2
7001 1
7002 4
7003 3
7004 2
7005 3
7006 2
7007 2
7008 2
7009 2
7010 1
7011 1
7012 2
7013 1
7014 2
7015 1
7016 3
7017 3
7018 2
7019 3
7020 3
7021 1
7022 2
7023 1
7024 2
7025 2
7026 1
7027 1
7028 1
7029 1
7030 2
7031 2
7032 1
7033 1
7034 1
7035 1
7036 5
7037 1
7038 2
7039 1
7040 1
7041 4
7042 3
7043 2
7044 5
7045 1
7046 2
7047 3
7048 2
7049 1
7050 1
7051 1
7052 2
7053 2
7054 2
7055 2
7056 4
7057 1
7058 1
7059 1
7060 1
7061 1
7062 2
7063 1
7064 1
7065 2
7066 1
7067 3
7068 1
7069 1
7070 1
7071 1
7072 2
7073 2
7074 2
7075 1
7076 2
7077 2
7078 2
7079 2
7080 2
7081 2
7082 1
7083 1
7084 1
7085 3
7086 1
7087 1
7088 2
7089 1
7090 1
7091 1
7092 2
7093 1
7094 1
7095 2
7096 1
7097 3
7098 2
7099 1
7100 2
7101 6
7102 2
7103 1
7104 1
7105 1
7106 1
7107 2
7108 1
7109 2
7110 2
7111 1
7112 1
7113 1
7114 1
7115 2
7116 1
7117 2
7118 2
7119 2
7120 1
7121 2
7122 1
7123 1
7124 1
7125 1
7126 3
7127 2
7128 2
7129 1
7130 1
7131 1
7132 2
7133 1
7134 2
7135 2
7136 1
7137 1
7138 1
7139 3
7140 1
7141 1
7142 2
7143 1
7144 2
7145 1
7146 1
7147 1
7148 1
7149 1
7150 1
7151 2
7152 2
7153 1
7154 1
7155 2
7156 2
7157 2
7158 4
7159 2
7160 2
7161 3
7162 1
7163 2
7164 1
7165 1
7166 2
7167 1
7168 2
7169 1
7170 2
7171 3
7172 1
7173 2
7174 2
7175 1
7176 2
7177 1
7178 1
7179 1
7180 1
7181 2
7182 2
7183 3
7184 2
7185 2
7186 1
7187 2
7188 2
7189 1
7190 1
7191 1
7192 2
7193 2
7194 1
7195 2
7196 1
7197 2
7198 2
7199 1
7200 2
7201 1
7202 3
7203 1
7204 2
7205 2
7206 2
7207 1
7208 1
7209 2
7210 1
7211 1
7212 1
7213 3
7214 1
7215 2
7216 1
7217 3
7218 1
7219 3
7220 2
7221 4
7222 1
7223 1
7224 1
7225 2
7226 3
7227 3
7228 2
7229 2
7230 1
7231 1
7232 1
7233 2
7234 3
7235 2
7236 3
7237 2
7238 1
7239 1
7240 3
7241 2
7242 2
7243 2
7244 3
7245 1
7246 1
7247 1
7248 1
7249 1
7250 1
7251 2
7252 1
7253 2
7254 2
7255 3
7256 2
7257 1
7258 1
7259 3
7260 2
7261 2
7262 3
7263 2
7264 2
7265 2
7266 2
7267 2
7268 1
7269 3
7270 1
7271 1
7272 1
7273 2
7274 1
7275 1
7276 4
7277 1
7278 2
7279 1
7280 2
7281 2
7282 1
7283 1
7284 3
7285 3
7286 3
7287 2
7288 2
7289 2
7290 1
7291 1
7292 3
7293 2
7294 2
7295 1
7296 1
7297 2
7298 2
7299 1
7300 1
7301 2
7302 1
7303 2
7304 2
7305 1
7306 1
7307 2
7308 3
7309 4
7310 2
7311 2
7312 3
7313 3
7314 1
7315 2
7316 5
7317 2
7318 2
7319 2
7320 1
7321 1
7322 3
7323 2
7324 3
7325 1
7326 2
7327 1
7328 2
7329 1
7330 2
7331 1
7332 1
7333 3
7334 1
7335 1
7336 2
7337 2
7338 1
7339 2
7340 2
7341 2
7342 2
7343 2
7344 1
7345 2
7346 4
7347 2
7348 1
7349 1
7350 2
7351 1
7352 1
7353 2
7354 2
7355 1
7356 2
7357 2
7358 1
7359 2
7360 2
7361 1
7362 6
7363 1
7364 3
7365 1
7366 1
7367 2
7368 2
7369 2
7370 1
7371 2
7372 2
7373 1
7374 1
7375 1
7376 1
7377 3
7378 1
7379 2
7380 1
7381 5
7382 2
7383 2
7384 2
7385 2
7386 2
7387 1
7388 2
7389 1
7390 1
7391 1
7392 2
7393 1
7394 1
7395 1
7396 2
7397 2
7398 2
7399 2
7400 2
7401 2
7402 1
7403 1
7404 2
7405 2
7406 1
7407 1
7408 3
7409 2
7410 5
7411 1
7412 1
7413 1
7414 1
7415 1
7416 1
7417 1
7418 2
7419 2
7420 2
7421 2
7422 3
7423 2
7424 1
7425 1
7426 2
7427 2
7428 2
7429 2
7430 2
7431 3
7432 1
7433 1
7434 1
7435 1
7436 1
7437 1
7438 3
7439 2
7440 1
7441 2
7442 2
7443 2
7444 1
7445 3
7446 1
7447 1
7448 2
7449 1
7450 2
7451 2
7452 2
7453 1
7454 3
7455 2
7456 1
7457 1
7458 2
7459 1
7460 2
7461 1
7462 1
7463 1
7464 1
7465 2
7466 1
7467 1
7468 2
7469 1
7470 3
7471 2
7472 3
7473 1
7474 2
7475 1
7476 2
7477 1
7478 1
7479 1
7480 1
7481 1
7482 2
7483 1
7484 2
7485 1
7486 1
7487 1
7488 2
7489 1
7490 3
7491 2
7492 2
7493 2
7494 2
7495 2
7496 2
7497 2
7498 1
7499 1
7500 1
7501 2
7502 2
7503 1
7504 1
7505 1
7506 1
7507 2
7508 2
7509 2
7510 2
7511 3
7512 2
7513 2
7514 1
7515 1
7516 1
7517 1
7518 2
7519 1
7520 3
7521 3
7522 2
7523 1
7524 2
7525 1
7526 1
7527 3
7528 1
7529 1
7530 2
7531 1
7532 2
7533 2
7534 1
7535 2
7536 1
7537 2
7538 1
7539 1
7540 1
7541 2
7542 1
7543 2
7544 2
7545 1
7546 1
7547 1
7548 2
7549 1
7550 1
7551 2
7552 1
7553 2
7554 2
7555 2
7556 3
7557 1
7558 2
7559 2
7560 1
7561 1
7562 2
7563 2
7564 1
7565 3
7566 2
7567 1
7568 2
7569 1
7570 1
7571 1
7572 2
7573 1
7574 2
7575 1
7576 1
7577 2
7578 2
7579 2
7580 1
7581 2
7582 1
7583 2
7584 2
7585 2
7586 2
7587 2
7588 1
7589 1
7590 2
7591 1
7592 2
7593 2
7594 2
7595 1
7596 2
7597 1
7598 2
7599 3
7600 1
7601 1
7602 1
7603 1
7604 2
7605 2
7606 2
7607 1
7608 1
7609 1
7610 1
7611 1
7612 2
7613 1
7614 1
7615 2
7616 2
7617 2
7618 1
7619 1
7620 2
7621 1
7622 1
7623 2
